100
TIME:    0.190, STEP:   190
H    0.000000    0.000000   -0.000001
H   -0.000015   -0.000018   -0.000025
H    0.000001    0.000002    0.000001
H   -0.000000   -0.000000    0.000000
H    0.000000    0.000000   -0.000000
H   -0.000000   -0.000000   -0.000000
H   -0.000000   -0.000000   -0.000000
H   -0.000000   -0.000000    0.000001
H    0.000000    0.000000   -0.000000
H    0.000000    0.000000    0.000000
H    0.000000    0.000000   -0.000000
H   -0.000000   -0.000000   -0.000000
H    0.000000    0.000000   -0.000000
H    0.000000   -0.000000    0.000000
H   -0.000000   -0.000000   -0.000000
H   -0.000003    0.000003    0.000004
H   -0.000000   -0.000000    0.000000
H    0.000004    0.000001    0.000007
H    0.000000   -0.000000    0.000000
H   -0.000000   -0.000001   -0.000001
H   -0.000000    0.000000    0.000000
H    0.000000    0.000000    0.000000
H    0.000000   -0.000001   -0.000001
H    0.000000    0.000000    0.000000
H   -0.000000   -0.000000    0.000000
H   -0.000009    0.000004    0.000001
H   -0.000000    0.000000    0.000000
H   -0.000000    0.000000   -0.000000
H    0.000001   -0.000001   -0.000000
H   -0.000004   -0.000001   -0.000007
H    0.000156   -0.000098   -0.000155
H   -0.000000    0.000000   -0.000000
H   -0.000000   -0.000000    0.000000
H   -0.000000   -0.000000    0.000000
H    0.000000    0.000000    0.000000
H   -0.000005   -0.000022    0.000001
H   -0.000002   -0.000001   -0.000002
H    0.000000   -0.000000   -0.000000
H    0.000007    0.000003    0.000003
H   -0.000000    0.000000    0.000000
H   -0.000001    0.000001    0.000000
H   -0.000000    0.000000   -0.000000
H   -0.000000   -0.000001   -0.000001
H    0.000000    0.000000    0.000000
H    0.000009   -0.000004   -0.000001
H   -0.000000   -0.000000   -0.000000
H    0.000037    0.000013   -0.000010
H   -0.000000   -0.000000   -0.000000
H   -0.000000    0.000000    0.000000
H    0.000000   -0.000000    0.000000
H    0.000000   -0.000000    0.000000
H    0.000000    0.000000    0.000000
H    0.000000    0.000001   -0.000000
H    0.000000    0.000000   -0.000000
H    0.000000   -0.000000    0.000000
H    0.000015    0.000018    0.000025
H    0.000000    0.000000   -0.000000
H    0.000000    0.000001    0.000001
H   -0.000000   -0.000000   -0.000000
H    0.000000    0.000000   -0.000000
H    0.000000   -0.000000   -0.000000
H    0.000000   -0.000000    0.000000
H    0.000007    0.000018   -0.000001
H   -0.000000   -0.000000   -0.000000
H   -0.000000    0.000000   -0.000000
H   -0.000000   -0.000000   -0.000000
H    0.000000   -0.000000    0.000000
H   -0.000000    0.000000   -0.000000
H   -0.000000   -0.000001   -0.000000
H   -0.000000   -0.000000    0.000000
H   -0.000000    0.000000   -0.000000
H   -0.001600    0.000116    0.000287
H    0.000000    0.000000   -0.000000
H   -0.000156    0.000098    0.000155
H   -0.000000   -0.000000   -0.000000
H    0.000000    0.000000   -0.000000
H    0.000000    0.000000   -0.000000
H    0.000005   -0.000013    0.000035
H    0.000000   -0.000000   -0.000000
H    0.000000   -0.000000    0.000000
H   -0.000000   -0.000001    0.000000
H    0.001600   -0.000116   -0.000287
H    0.000000    0.000000    0.000000
H    0.000001   -0.000000   -0.000001
H   -0.000041    0.000000   -0.000025
H   -0.000000    0.000000    0.000000
H    0.000001    0.000001   -0.000002
H   -0.000000    0.000000   -0.000000
H   -0.000000   -0.000000   -0.000000
H    0.000000   -0.000000    0.000000
H   -0.000000   -0.000000   -0.000000
H   -0.000000   -0.000000   -0.000000
H    0.000002    0.000004   -0.000004
H   -0.000000    0.000000    0.000001
H    0.000000    0.000000    0.000000
H    0.000000   -0.000000    0.000000
H   -0.000007   -0.000003   -0.000003
H   -0.000000   -0.000000    0.000000
H   -0.000002   -0.000004    0.000004
H   -0.000000   -0.000000    0.000000
