100
TIME:    1.951, STEP:  1951
H   -0.000000   -0.000000   -0.000000
H    0.000000   -0.000000   -0.000000
H    0.000000    0.000000   -0.000000
H    0.000000    0.000000   -0.000000
H    0.000001   -0.000002    0.000000
H    0.000000   -0.000000    0.000000
H   -0.000000    0.000000   -0.000000
H    0.000000   -0.000000    0.000000
H    0.000001    0.000002   -0.000000
H   -0.000007    0.000001   -0.000003
H    0.000000   -0.000000   -0.000000
H    0.000002    0.000002    0.000006
H   -0.000000   -0.000000    0.000000
H   -0.000000    0.000000   -0.000000
H   -0.000000    0.000001   -0.000001
H   -0.299392    0.536091   -0.269955
H   -0.000000    0.000000    0.000000
H    0.000000    0.000000    0.000000
H    0.000000   -0.000000    0.000000
H   -0.000000   -0.000000    0.000000
H   -0.000000    0.000000   -0.000000
H    0.000000   -0.000000   -0.000000
H   -0.000000    0.000000   -0.000000
H    0.000000    0.000000   -0.000000
H   -0.000156   -0.000004   -0.000075
H   -0.000000    0.000000    0.000000
H   -0.000000   -0.000000   -0.000000
H    0.000000    0.000000    0.000000
H    0.000001   -0.000002   -0.000002
H   -0.000000    0.000000   -0.000000
H    0.000000    0.000000    0.000000
H    0.000000    0.000000    0.000000
H   -0.000000   -0.000000    0.000000
H   -0.000001    0.000001    0.000001
H    0.000000    0.000000    0.000000
H   -0.000594    0.001379    0.001091
H    0.000015   -0.000002    0.000008
H   -0.000002   -0.000002   -0.000006
H   -0.000000   -0.000001   -0.000000
H    0.000000   -0.000000   -0.000000
H   -0.000000    0.000000    0.000000
H   -0.000034    0.000006   -0.000035
H    0.000000   -0.000000    0.000000
H    0.000000   -0.000000   -0.000000
H    0.000846    0.013473    0.004978
H    0.000035   -0.000008    0.000033
H   -0.000003    0.000004    0.000042
H   -0.000000   -0.000000    0.000000
H    0.000000    0.000002   -0.000003
H   -0.000000    0.000000   -0.000000
H    0.000000   -0.000000    0.000000
H   -0.000000    0.000000    0.000000
H    0.000000    0.000000    0.000000
H   -0.000000    0.000000   -0.000000
H   -0.000001   -0.000000   -0.000000
H   -0.000000   -0.000000   -0.000000
H   -0.000000    0.000000   -0.000000
H    0.000009   -0.000024   -0.000005
H    0.000000    0.000001   -0.000000
H    0.000000   -0.000000    0.000000
H   -0.000009    0.000024    0.000005
H   -0.000000    0.000000   -0.000000
H    0.000000    0.000000    0.000000
H    0.000000    0.000000   -0.000000
H   -0.000001   -0.000002    0.000000
H   -0.000000    0.000000    0.000000
H    0.000000    0.000000   -0.000000
H   -0.000000   -0.000001    0.000000
H   -0.000000   -0.000000    0.000000
H    0.000000   -0.000000   -0.000000
H    0.000000   -0.000000    0.000000
H   -0.000000   -0.000000    0.000000
H   -0.000000    0.000002    0.000000
H   -0.000000    0.000000    0.000000
H    0.000159    0.000000    0.000034
H   -0.000015    0.000002   -0.000008
H    0.000000   -0.000000   -0.000000
H   -0.000000    0.000000    0.000000
H    0.000000    0.000000    0.000000
H    0.000000   -0.000001    0.000001
H    0.000000    0.000000    0.000000
H   -0.000846   -0.013473   -0.004978
H    0.000594   -0.001379   -0.001091
H    0.000000    0.000000   -0.000000
H   -0.000001    0.000000    0.000002
H   -0.000093   -0.000070   -0.000092
H   -0.000000   -0.000000    0.000000
H   -0.000000    0.000000   -0.000000
H    0.000000    0.000000    0.000000
H   -0.000000   -0.000000   -0.000000
H    0.000093    0.000070    0.000092
H    0.299392   -0.536091    0.269955
H   -0.000000   -0.000000    0.000000
H    0.000000   -0.000000    0.000000
H   -0.000000   -0.000002    0.000003
H   -0.000000    0.000002   -0.000001
H   -0.000000    0.000000   -0.000000
H    0.000000    0.000000    0.000000
H    0.000007   -0.000001    0.000003
H    0.000000    0.000000   -0.000000
