100
TIME:    0.119, STEP:   119
H    0.000000    0.000000   -0.000000
H   -0.000016    0.000005    0.000012
H    0.000000    0.000000    0.000000
H    0.000000    0.000000   -0.000000
H    0.000000    0.000000    0.000000
H   -0.000000    0.000000   -0.000000
H    0.000000    0.000000   -0.000000
H   -0.000000   -0.000000   -0.000000
H   -0.000001   -0.000000   -0.000001
H   -0.000000    0.000000   -0.000000
H   -0.000000    0.000000   -0.000000
H   -0.000000   -0.000000   -0.000000
H    0.000000   -0.000001   -0.000002
H    0.000000   -0.000000    0.000000
H   -0.000000   -0.000000   -0.000000
H   -0.000003    0.000000   -0.000001
H   -0.000000    0.000000    0.000000
H    0.000296   -0.000167   -0.000429
H    0.000000    0.000000    0.000000
H    0.000002   -0.000002   -0.000003
H    0.000005   -0.000003   -0.000001
H   -0.000000    0.000000    0.000000
H   -0.000002    0.000004   -0.000003
H   -0.000000    0.000000    0.000000
H    0.000036    0.000031   -0.000015
H    0.000000    0.000000    0.000000
H    0.000000    0.000000    0.000000
H   -0.000000   -0.000000   -0.000000
H    0.000000   -0.000000    0.000000
H   -0.000296    0.000167    0.000429
H   -0.000000    0.000000   -0.000000
H    0.000000    0.000000   -0.000000
H   -0.000000   -0.000000    0.000000
H   -0.000000   -0.000000    0.000000
H   -0.000000    0.000000   -0.000000
H    0.000000    0.000002    0.000002
H    0.000001    0.000002    0.000002
H    0.000000   -0.000000   -0.000000
H    0.000001   -0.000000   -0.000000
H   -0.000000    0.000000    0.000000
H   -0.000000    0.000000    0.000000
H   -0.000000    0.000000   -0.000000
H    0.000026    0.000008    0.000003
H    0.000009    0.000002    0.000001
H    0.000000    0.000000    0.000000
H    0.000000   -0.000000   -0.000000
H    0.000000    0.000000   -0.000000
H   -0.000000    0.000000   -0.000000
H   -0.000000   -0.000000   -0.000000
H    0.000000   -0.000000    0.000000
H   -0.000000   -0.000000   -0.000000
H    0.000000    0.000000   -0.000000
H    0.000000   -0.000000   -0.000000
H    0.000000   -0.000000   -0.000000
H    0.000000   -0.000000    0.000000
H    0.000016   -0.000005   -0.000012
H   -0.000000    0.000001   -0.000002
H   -0.000025   -0.000008   -0.000003
H    0.000000   -0.000000   -0.000000
H    0.000000    0.000000   -0.000000
H    0.000000   -0.000000    0.000000
H    0.000000   -0.000000   -0.000000
H    0.000002   -0.000005    0.000001
H    0.000002   -0.000002   -0.000003
H   -0.000002    0.000002   -0.000001
H    0.000000   -0.000000   -0.000000
H    0.000000    0.000000   -0.000000
H   -0.000000    0.000000    0.000000
H   -0.000005    0.000003    0.000001
H    0.000002   -0.000001    0.000002
H   -0.000000    0.000000    0.000000
H   -0.000000   -0.000000   -0.000000
H    0.000000    0.000000   -0.000000
H   -0.000000   -0.000000    0.000000
H    0.000000   -0.000000    0.000000
H   -0.000000   -0.000000    0.000000
H   -0.000009   -0.000002   -0.000001
H    0.000000   -0.000000    0.000000
H    0.000000   -0.000000    0.000000
H   -0.000001   -0.000001    0.000002
H   -0.000000   -0.000000    0.000000
H    0.000000   -0.000000   -0.000000
H    0.000000    0.000000    0.000000
H   -0.000000   -0.000000   -0.000000
H    0.000000   -0.000000   -0.000000
H    0.000000   -0.000000   -0.000000
H    0.000001    0.000000   -0.000000
H   -0.000000   -0.000000   -0.000000
H   -0.000000   -0.000000    0.000000
H    0.000000   -0.000000    0.000000
H   -0.000036   -0.000031    0.000015
H   -0.000000   -0.000000   -0.000000
H   -0.000000    0.000000    0.000000
H    0.000000    0.000000    0.000000
H   -0.000002    0.000002    0.000003
H   -0.000000   -0.000001    0.000002
H   -0.000001    0.000000    0.000000
H   -0.000000   -0.000000    0.000000
H   -0.000000   -0.000000   -0.000000
H    0.000001   -0.000000    0.000002
