100
TIME:    0.204, STEP:   204
H    0.000000    0.000000   -0.000000
H   -0.000002   -0.000004   -0.000006
H    0.000003    0.000005    0.000002
H   -0.000000   -0.000000    0.000000
H    0.000000    0.000000   -0.000000
H   -0.000000   -0.000000   -0.000000
H   -0.000000   -0.000000    0.000000
H   -0.000000   -0.000000    0.000000
H    0.000000    0.000000   -0.000000
H    0.000000    0.000000    0.000000
H    0.000000    0.000000    0.000000
H   -0.000000   -0.000000   -0.000000
H    0.000000    0.000000   -0.000000
H    0.000000   -0.000000    0.000000
H   -0.000000   -0.000000   -0.000000
H   -0.000006    0.000000    0.000004
H   -0.000000   -0.000000    0.000000
H    0.000001    0.000000    0.000002
H    0.000000   -0.000000    0.000000
H   -0.000000   -0.000000   -0.000000
H   -0.000000    0.000000    0.000000
H    0.000000    0.000000    0.000000
H    0.000001   -0.000002   -0.000002
H    0.000000    0.000000    0.000000
H   -0.000000   -0.000000    0.000000
H   -0.000001    0.000001    0.000001
H   -0.000000    0.000000    0.000000
H   -0.000000    0.000000   -0.000000
H    0.000002   -0.000002   -0.000000
H   -0.000001   -0.000000   -0.000002
H    0.000024   -0.000054   -0.000032
H   -0.000000    0.000000   -0.000000
H   -0.000000   -0.000000    0.000000
H   -0.000000   -0.000000    0.000000
H    0.000000    0.000000    0.000000
H   -0.000000   -0.000003   -0.000000
H   -0.000000   -0.000000   -0.000000
H    0.000000   -0.000000   -0.000000
H    0.000005    0.000003    0.000003
H   -0.000000    0.000000    0.000000
H   -0.000002    0.000002    0.000000
H   -0.000000    0.000000   -0.000000
H   -0.000000   -0.000000   -0.000000
H    0.000000    0.000000    0.000000
H    0.000001   -0.000000   -0.000001
H   -0.000000   -0.000000    0.000000
H    0.000109   -0.000004   -0.000054
H   -0.000000   -0.000000   -0.000000
H   -0.000000    0.000000    0.000000
H    0.000000   -0.000000    0.000000
H    0.000001   -0.000002    0.000001
H    0.000000    0.000000    0.000000
H    0.000000    0.000001    0.000000
H    0.000000    0.000000   -0.000000
H    0.000000   -0.000000    0.000000
H    0.000002    0.000004    0.000006
H    0.000000   -0.000000   -0.000000
H    0.000000    0.000000    0.000000
H   -0.000000   -0.000000   -0.000000
H   -0.000001    0.000002   -0.000001
H    0.000000   -0.000000   -0.000000
H    0.000000   -0.000000    0.000000
H    0.000003    0.000000   -0.000002
H   -0.000000   -0.000000   -0.000000
H   -0.000000   -0.000000    0.000000
H   -0.000000    0.000000   -0.000000
H    0.000000   -0.000000    0.000000
H   -0.000000    0.000000   -0.000000
H   -0.000002   -0.000004   -0.000002
H   -0.000000   -0.000000    0.000000
H   -0.000001    0.000001   -0.000000
H   -0.009192    0.010449   -0.022939
H    0.000000    0.000000   -0.000000
H   -0.000024    0.000054    0.000032
H   -0.000000   -0.000000   -0.000000
H    0.000000    0.000000   -0.000000
H    0.000000    0.000000   -0.000000
H    0.000561   -0.000802    0.001558
H    0.000000   -0.000000   -0.000000
H    0.000000    0.000000    0.000000
H   -0.000000   -0.000001   -0.000000
H    0.009192   -0.010449    0.022939
H    0.000000    0.000000    0.000000
H    0.000004   -0.000000   -0.000002
H   -0.000671    0.000806   -0.001505
H   -0.000000    0.000000    0.000000
H    0.000000    0.000001   -0.000001
H   -0.000000    0.000000   -0.000000
H   -0.000000   -0.000000   -0.000000
H    0.000000   -0.000000    0.000000
H    0.000000   -0.000000   -0.000000
H   -0.000000   -0.000000   -0.000000
H    0.000000    0.000001   -0.000002
H   -0.000002    0.000004    0.000004
H   -0.000000    0.000000    0.000000
H    0.000001   -0.000001    0.000000
H   -0.000005   -0.000003   -0.000003
H   -0.000000   -0.000000    0.000000
H   -0.000000   -0.000001    0.000002
H   -0.000000   -0.000000    0.000000
