200
TIME:    0.222, STEP:   222
H    0.000000    0.000000    0.000000
H    0.000000    0.000000    0.000000
H    0.000000    0.000000    0.000000
H    0.000000    0.000000    0.000000
H    0.000000    0.000000    0.000000
H    0.000000    0.000000    0.000000
H    0.000000    0.000000    0.000000
H    0.000000    0.000000    0.000000
H    0.000000    0.000000    0.000000
H    0.000000    0.000000    0.000000
H    0.000000    0.000000    0.000000
H    0.000000    0.000000    0.000000
H    0.000000    0.000000    0.000000
H    0.000000    0.000000    0.000000
H    0.000000    0.000000    0.000000
H    0.000000    0.000000    0.000000
H    0.000000    0.000000    0.000000
H    0.000000    0.000000    0.000000
H    0.000000    0.000000    0.000000
H    0.000000    0.000000    0.000000
H    0.000000    0.000000    0.000000
H    0.000000    0.000000    0.000000
H    0.000000    0.000000    0.000000
H    0.222677    0.196395   -0.327345
H    0.000000    0.000000    0.000000
H    0.000000    0.000000    0.000000
H    0.000000    0.000000    0.000000
H    0.000000    0.000000    0.000000
H    0.000000    0.000000    0.000000
H    0.000000    0.000000    0.000000
H    0.000000    0.000000    0.000000
H    0.000000    0.000000    0.000000
H    0.000000    0.000000    0.000000
H    0.000000    0.000000    0.000000
H    0.000000    0.000000    0.000000
H    0.000000    0.000000    0.000000
H    0.000000    0.000000    0.000000
H    0.000000    0.000000    0.000000
H    0.000000    0.000000    0.000000
H    0.000000    0.000000    0.000000
H    0.000000    0.000000    0.000000
H    0.000000    0.000000    0.000000
H    0.000000    0.000000    0.000000
H    0.000000    0.000000    0.000000
H    0.000000    0.000000    0.000000
H    0.000000    0.000000    0.000000
H    0.000000    0.000000    0.000000
H    0.000000    0.000000    0.000000
H    0.000000    0.000000    0.000000
H    0.000000    0.000000    0.000000
H    0.000000    0.000000    0.000000
H    0.000000    0.000000    0.000000
H    0.000000    0.000000    0.000000
H    0.000000    0.000000    0.000000
H    0.000000    0.000000    0.000000
H    0.000000    0.000000    0.000000
H    0.000000    0.000000    0.000000
H    0.000000    0.000000    0.000000
H    0.000000    0.000000    0.000000
H    0.000000    0.000000    0.000000
H    0.000000    0.000000    0.000000
H    0.000000    0.000000    0.000000
H    0.000000    0.000000    0.000000
H    0.000000    0.000000    0.000000
H    0.000000    0.000000    0.000000
H    0.000000    0.000000    0.000000
H    0.000000    0.000000    0.000000
H    0.000000    0.000000    0.000000
H    0.000000    0.000000    0.000000
H    0.000000    0.000000    0.000000
H    0.000000    0.000000    0.000000
H    0.000000    0.000000    0.000000
H    0.000000    0.000000    0.000000
H    0.000000    0.000000    0.000000
H    0.000000    0.000000    0.000000
H    0.000000    0.000000    0.000000
H    0.000000    0.000000    0.000000
H    0.000000    0.000000    0.000000
H    0.000000    0.000000    0.000000
H    0.000000    0.000000    0.000000
H    0.000000    0.000000    0.000000
H    0.000000    0.000000    0.000000
H    0.000000    0.000000    0.000000
H    0.000000    0.000000    0.000000
H    0.000000    0.000000    0.000000
H    0.000000    0.000000    0.000000
H    0.000000    0.000000    0.000000
H    0.000000    0.000000    0.000000
H    0.000000    0.000000    0.000000
H    0.000000    0.000000    0.000000
H    0.000000    0.000000    0.000000
H    0.000000    0.000000    0.000000
H    0.000000    0.000000    0.000000
H    0.000000    0.000000    0.000000
H    0.000000    0.000000    0.000000
H    0.000000    0.000000    0.000000
H    0.000000    0.000000    0.000000
H    0.000000    0.000000    0.000000
H    0.000000    0.000000    0.000000
H    0.000000    0.000000    0.000000
H    0.000000    0.000000    0.000000
H    0.000000    0.000000    0.000000
H    0.000000    0.000000    0.000000
H    0.000000    0.000000    0.000000
H    0.000000    0.000000    0.000000
H    0.000000    0.000000    0.000000
H    0.000000    0.000000    0.000000
H    0.000000    0.000000    0.000000
H    0.000000    0.000000    0.000000
H    0.000000    0.000000    0.000000
H    0.000000    0.000000    0.000000
H    0.000000    0.000000    0.000000
H    0.000000    0.000000    0.000000
H    0.000000    0.000000    0.000000
H    0.000000    0.000000    0.000000
H    0.000000    0.000000    0.000000
H    0.000000    0.000000    0.000000
H    0.000000    0.000000    0.000000
H    0.000000    0.000000    0.000000
H    0.000000    0.000000    0.000000
H    0.000000    0.000000    0.000000
H    0.000000    0.000000    0.000000
H    0.000000    0.000000    0.000000
H    0.000000    0.000000    0.000000
H    0.000000    0.000000    0.000000
H    0.000000    0.000000    0.000000
H    0.000000    0.000000    0.000000
H    0.000000    0.000000    0.000000
H    0.000000    0.000000    0.000000
H    0.000000    0.000000    0.000000
H    0.000000    0.000000    0.000000
H    0.000000    0.000000    0.000000
H    0.000000    0.000000    0.000000
H    0.000000    0.000000    0.000000
H    0.000000    0.000000    0.000000
H    0.000000    0.000000    0.000000
H    0.000000    0.000000    0.000000
H    0.000000    0.000000    0.000000
H    0.000000    0.000000    0.000000
H    0.000000    0.000000    0.000000
H    0.000000    0.000000    0.000000
H    0.000000    0.000000    0.000000
H    0.000000    0.000000    0.000000
H    0.000000    0.000000    0.000000
H    0.000000    0.000000    0.000000
H    0.000000    0.000000    0.000000
H    0.000000    0.000000    0.000000
H    0.000000    0.000000    0.000000
H    0.000000    0.000000    0.000000
H   -0.222677   -0.196395    0.327345
H    0.000000    0.000000    0.000000
H    0.000000    0.000000    0.000000
H    0.000000    0.000000    0.000000
H    0.000000    0.000000    0.000000
H    0.000000    0.000000    0.000000
H    0.000000    0.000000    0.000000
H    0.000000    0.000000    0.000000
H    0.000000    0.000000    0.000000
H    0.000000    0.000000    0.000000
H    0.000000    0.000000    0.000000
H    0.000000    0.000000    0.000000
H    0.000000    0.000000    0.000000
H    0.000000    0.000000    0.000000
H    0.000000    0.000000    0.000000
H    0.000000    0.000000    0.000000
H    0.000000    0.000000    0.000000
H    0.000000    0.000000    0.000000
H    0.000000    0.000000    0.000000
H    0.000000    0.000000    0.000000
H    0.000000    0.000000    0.000000
H    0.000000    0.000000    0.000000
H    0.000000    0.000000    0.000000
H    0.000000    0.000000    0.000000
H    0.000000    0.000000    0.000000
H    0.000000    0.000000    0.000000
H    0.000000    0.000000    0.000000
H    0.000000    0.000000    0.000000
H    0.000000    0.000000    0.000000
H    0.000000    0.000000    0.000000
H    0.000000    0.000000    0.000000
H    0.000000    0.000000    0.000000
H    0.000000    0.000000    0.000000
H    0.000000    0.000000    0.000000
H    0.000000    0.000000    0.000000
H    0.000000    0.000000    0.000000
H    0.000000    0.000000    0.000000
H    0.000000    0.000000    0.000000
H    0.000000    0.000000    0.000000
H    0.000000    0.000000    0.000000
H    0.000000    0.000000    0.000000
H    0.000000    0.000000    0.000000
H    0.000000    0.000000    0.000000
H    0.000000    0.000000    0.000000
H    0.000000    0.000000    0.000000
H    0.000000    0.000000    0.000000
H    0.000000    0.000000    0.000000
H    0.000000    0.000000    0.000000
H    0.000000    0.000000    0.000000
H    0.000000    0.000000    0.000000
H    0.000000    0.000000    0.000000
