100
TIME:    0.265, STEP:   265
H    0.000142    0.000070   -0.000064
H   -0.000000   -0.000000   -0.000000
H   -0.000015   -0.000003    0.000034
H   -0.000000    0.000000   -0.000000
H   -0.000000    0.000000   -0.000000
H   -0.000000   -0.000000   -0.000000
H   -0.000000   -0.000002    0.000003
H   -0.000025    0.000004   -0.000001
H    0.000000    0.000000   -0.000000
H    0.000000    0.000000   -0.000000
H    0.000000    0.000000    0.000000
H    0.000001    0.000000    0.000000
H   -0.000000   -0.000000   -0.000000
H    0.000000   -0.000000    0.000000
H   -0.000000   -0.000000    0.000000
H    0.000021    0.000009    0.000075
H   -0.000143   -0.000069    0.000064
H    0.000000    0.000000   -0.000000
H    0.000000    0.000000    0.000000
H   -0.000000   -0.000000   -0.000000
H   -0.000000   -0.000000    0.000000
H    0.000000   -0.000000   -0.000000
H    0.000015    0.000003   -0.000034
H   -0.000000    0.000000    0.000000
H   -0.000000    0.000000    0.000000
H   -0.000005   -0.000020   -0.000088
H   -0.000000    0.000000    0.000000
H    0.000000    0.000000    0.000000
H    0.000000   -0.000001    0.000000
H    0.000001   -0.000000   -0.000000
H   -0.000000   -0.000000    0.000000
H    0.000000    0.000000   -0.000000
H    0.000000   -0.000000    0.000000
H   -0.000000   -0.000000    0.000000
H   -0.000002   -0.000002   -0.000000
H   -0.000000   -0.000000    0.000000
H   -0.000000    0.000000   -0.000000
H   -0.000000   -0.000000    0.000000
H    0.000000    0.000002   -0.000002
H   -0.000000    0.000000   -0.000000
H    0.000000    0.000001   -0.000001
H   -0.000000    0.000000   -0.000000
H    0.000000   -0.000000    0.000000
H    0.000000    0.000000    0.000000
H   -0.000208    0.000337   -0.000060
H    0.000000   -0.000000    0.000000
H    0.000001   -0.000001   -0.000000
H   -0.000000   -0.000000   -0.000000
H    0.000000   -0.000000    0.000000
H    0.000000   -0.000000    0.000000
H   -0.000044    0.000089   -0.000002
H    0.000000   -0.000000    0.000000
H    0.000000    0.000000    0.000000
H    0.000000    0.000000   -0.000000
H   -0.000001    0.000000    0.000000
H    0.000025   -0.000004    0.000002
H   -0.000000   -0.000000    0.000000
H    0.000000   -0.000000   -0.000000
H    0.000000   -0.000000    0.000000
H    0.000044   -0.000089    0.000002
H   -0.000000    0.000000   -0.000000
H    0.000000   -0.000000    0.000000
H   -0.000022   -0.000009   -0.000075
H    0.000000   -0.000000    0.000000
H   -0.000000   -0.000001    0.000001
H   -0.000000    0.000000   -0.000000
H    0.000000    0.000000    0.000000
H   -0.000000    0.000000   -0.000000
H    0.000651   -0.000376    0.000223
H   -0.000000   -0.000000   -0.000000
H    0.000000    0.000000   -0.000000
H   -0.000000   -0.000000   -0.000000
H    0.000000   -0.000000    0.000000
H   -0.000000    0.000000    0.000000
H    0.000000   -0.000000    0.000000
H    0.000208   -0.000337    0.000060
H    0.000000   -0.000000    0.000000
H   -0.000001    0.000001   -0.000001
H    0.000000   -0.000000    0.000000
H    0.000000    0.000000   -0.000000
H    0.000000   -0.000000   -0.000000
H   -0.000000   -0.000000    0.000000
H    0.000000    0.000000    0.000000
H    0.000005   -0.000005    0.000008
H    0.000001    0.000001    0.000001
H    0.000005    0.000020    0.000088
H   -0.000000    0.000000   -0.000000
H   -0.000000    0.000000   -0.000000
H    0.000000    0.000000   -0.000000
H   -0.000000   -0.000000    0.000000
H    0.000000    0.000000   -0.000000
H    0.000000    0.000000    0.000000
H   -0.000000   -0.000000   -0.000000
H   -0.000654    0.000383   -0.000230
H   -0.000000    0.000000    0.000000
H   -0.000000   -0.000000    0.000000
H   -0.000000   -0.000000   -0.000000
H   -0.000000   -0.000000   -0.000000
H   -0.000000    0.000000    0.000000
H   -0.000000   -0.000000    0.000000
