100
TIME:    0.284, STEP:   284
H    0.000009    0.000015    0.000000
H   -0.000000   -0.000000   -0.000000
H   -0.000012   -0.000009    0.000019
H   -0.000000    0.000000   -0.000000
H   -0.000000    0.000000   -0.000000
H   -0.000000   -0.000000   -0.000000
H   -0.000000   -0.000006    0.000003
H   -0.000211   -0.000048    0.000044
H    0.000000   -0.000000   -0.000000
H    0.000000    0.000000   -0.000000
H    0.000000    0.000000    0.000000
H    0.000001    0.000001    0.000001
H    0.000000    0.000000   -0.000000
H    0.000000   -0.000000   -0.000000
H   -0.000000   -0.000000    0.000000
H    0.000009    0.000002    0.000012
H   -0.000010   -0.000014   -0.000001
H    0.000000    0.000000   -0.000000
H    0.000000    0.000000    0.000000
H   -0.000000   -0.000000   -0.000000
H   -0.000000   -0.000000    0.000000
H    0.000000   -0.000000   -0.000000
H    0.000012    0.000009   -0.000019
H   -0.000000    0.000000    0.000000
H   -0.000000    0.000000    0.000000
H   -0.139994    0.065440   -0.291845
H    0.000000    0.000000    0.000000
H    0.000000    0.000000    0.000000
H   -0.000000   -0.000000    0.000000
H    0.000003   -0.000000   -0.000001
H   -0.000000   -0.000000    0.000000
H    0.000000   -0.000000   -0.000000
H    0.000000   -0.000000   -0.000000
H   -0.000000   -0.000000    0.000000
H   -0.000007   -0.000004   -0.000006
H   -0.000000   -0.000000    0.000000
H   -0.000000    0.000000   -0.000000
H   -0.000000   -0.000000    0.000000
H    0.000000    0.000006   -0.000002
H   -0.000000    0.000000   -0.000000
H    0.000000    0.000000   -0.000000
H   -0.000000    0.000000    0.000000
H    0.000000    0.000000    0.000000
H    0.000000    0.000000    0.000000
H    0.000000    0.000008   -0.000006
H    0.000000   -0.000000    0.000001
H    0.000000   -0.000000   -0.000000
H   -0.000000   -0.000000   -0.000000
H    0.000000   -0.000000    0.000000
H    0.000000    0.000000    0.000000
H   -0.000001    0.000001   -0.000000
H    0.000000   -0.000000    0.000000
H    0.000000    0.000000    0.000000
H    0.000000    0.000000   -0.000000
H   -0.000003    0.000000    0.000001
H    0.000211    0.000048   -0.000044
H   -0.000000   -0.000000    0.000000
H    0.000000   -0.000000   -0.000000
H    0.000000   -0.000000    0.000000
H    0.000001   -0.000001    0.000000
H   -0.000000    0.000000   -0.000001
H    0.000000   -0.000000    0.000000
H   -0.000009   -0.000002   -0.000012
H    0.000000    0.000000    0.000000
H   -0.000001   -0.000001    0.000000
H   -0.000000    0.000000   -0.000000
H    0.000000    0.000000    0.000000
H   -0.000000    0.000000   -0.000000
H    0.000026    0.000009    0.000025
H   -0.000000    0.000000    0.000000
H    0.000000    0.000000   -0.000000
H   -0.000001   -0.000001   -0.000001
H    0.000000   -0.000000    0.000000
H   -0.000000   -0.000000    0.000000
H    0.000000   -0.000000    0.000000
H   -0.000000   -0.000008    0.000006
H    0.000001   -0.000001    0.000000
H   -0.000000    0.000000   -0.000000
H    0.000000   -0.000000    0.000000
H    0.000000    0.000000    0.000000
H    0.000000   -0.000000   -0.000000
H   -0.000000   -0.000000    0.000000
H    0.000000    0.000000    0.000000
H    0.000007    0.000001    0.000007
H    0.000000    0.000001    0.000000
H    0.139994   -0.065440    0.291845
H   -0.000000    0.000000   -0.000000
H   -0.000000    0.000000   -0.000000
H    0.000000    0.000000   -0.000000
H   -0.000000   -0.000000    0.000000
H    0.000000    0.000000   -0.000000
H    0.000000    0.000000    0.000000
H   -0.000000   -0.000000   -0.000000
H   -0.000026   -0.000006   -0.000026
H   -0.000000    0.000000    0.000000
H   -0.000000   -0.000000    0.000000
H   -0.000000   -0.000000   -0.000001
H   -0.000000    0.000000   -0.000000
H   -0.000000    0.000000    0.000000
H    0.000000   -0.000000    0.000000
