100
TIME:    0.208, STEP:   208
H    0.000000   -0.000000   -0.000000
H   -0.000001   -0.000002   -0.000004
H    0.000004    0.000006    0.000002
H   -0.000000   -0.000000   -0.000000
H    0.000000    0.000000   -0.000000
H   -0.000000   -0.000000   -0.000000
H   -0.000000   -0.000000    0.000000
H   -0.000000   -0.000000    0.000000
H    0.000000    0.000000   -0.000000
H    0.000000    0.000000    0.000000
H    0.000000    0.000000    0.000000
H   -0.000000   -0.000000   -0.000000
H    0.000000    0.000000   -0.000000
H    0.000000   -0.000000    0.000000
H   -0.000000   -0.000000   -0.000000
H   -0.000008   -0.000000    0.000006
H   -0.000000    0.000000    0.000000
H    0.000000    0.000000    0.000001
H    0.000000   -0.000000    0.000000
H   -0.000000   -0.000000   -0.000000
H   -0.000000    0.000000    0.000000
H    0.000000    0.000000    0.000000
H    0.000001   -0.000003   -0.000003
H    0.000000    0.000000    0.000000
H   -0.000000   -0.000000    0.000000
H   -0.000001    0.000000    0.000000
H   -0.000000    0.000000    0.000000
H   -0.000000    0.000000   -0.000000
H    0.000003   -0.000002   -0.000000
H   -0.000000   -0.000000   -0.000001
H    0.000010   -0.000033   -0.000016
H   -0.000000    0.000000   -0.000000
H   -0.000000   -0.000000    0.000000
H   -0.000000   -0.000000    0.000000
H    0.000000    0.000000    0.000000
H   -0.000000   -0.000002   -0.000000
H   -0.000000    0.000000   -0.000000
H    0.000000   -0.000000   -0.000000
H    0.000004    0.000003    0.000002
H   -0.000000    0.000000    0.000000
H   -0.000003    0.000002   -0.000000
H   -0.000000    0.000000   -0.000000
H   -0.000000   -0.000000   -0.000000
H    0.000000    0.000000    0.000000
H    0.000001   -0.000000   -0.000000
H   -0.000000   -0.000000    0.000000
H    0.000109   -0.000017   -0.000065
H   -0.000000   -0.000000   -0.000000
H   -0.000000    0.000000    0.000000
H    0.000000   -0.000000    0.000000
H    0.000002   -0.000005    0.000002
H    0.000000   -0.000000    0.000000
H    0.000000    0.000001    0.000000
H    0.000000    0.000000   -0.000000
H   -0.000000    0.000000    0.000000
H    0.000001    0.000002    0.000004
H    0.000000   -0.000000   -0.000000
H    0.000000    0.000000    0.000000
H   -0.000000   -0.000000   -0.000000
H   -0.000002    0.000005   -0.000002
H    0.000000   -0.000000   -0.000000
H    0.000000   -0.000000    0.000000
H    0.000004   -0.000001   -0.000004
H   -0.000000   -0.000000    0.000000
H    0.000000   -0.000000    0.000000
H   -0.000000    0.000000   -0.000000
H    0.000000   -0.000000    0.000000
H   -0.000000    0.000000   -0.000000
H   -0.000003   -0.000006   -0.000003
H   -0.000000   -0.000000    0.000000
H   -0.000001    0.000001   -0.000000
H   -0.000089    0.001923   -0.004802
H    0.000000    0.000000   -0.000000
H   -0.000011    0.000033    0.000016
H   -0.000000   -0.000000   -0.000000
H    0.000000    0.000000   -0.000000
H    0.000000    0.000000   -0.000000
H    0.002317   -0.005379    0.007839
H    0.000000   -0.000000   -0.000000
H    0.000000    0.000000    0.000000
H   -0.000000   -0.000001   -0.000000
H    0.000089   -0.001923    0.004802
H    0.000000    0.000000    0.000000
H    0.000007    0.000000   -0.000002
H   -0.002427    0.005396   -0.007775
H   -0.000000    0.000000    0.000000
H    0.000000    0.000000   -0.000001
H   -0.000000    0.000000   -0.000000
H   -0.000000   -0.000000   -0.000000
H    0.000000   -0.000000    0.000000
H    0.000000   -0.000000   -0.000000
H   -0.000000   -0.000000   -0.000000
H    0.000000    0.000001   -0.000001
H   -0.000004    0.000006    0.000005
H   -0.000000    0.000000    0.000000
H    0.000001   -0.000001    0.000000
H   -0.000004   -0.000003   -0.000002
H   -0.000000   -0.000000    0.000000
H   -0.000000   -0.000001    0.000001
H   -0.000000   -0.000000    0.000000
