100
TIME:    0.272, STEP:   272
H    0.000075    0.000063   -0.000020
H   -0.000000   -0.000000   -0.000000
H   -0.000015   -0.000007    0.000030
H   -0.000000    0.000000   -0.000000
H   -0.000000    0.000000   -0.000000
H   -0.000000   -0.000000   -0.000000
H   -0.000000   -0.000004    0.000004
H   -0.000061    0.000003    0.000001
H    0.000000   -0.000000   -0.000000
H    0.000000    0.000000   -0.000000
H    0.000000    0.000000    0.000000
H    0.000001    0.000001    0.000000
H    0.000000    0.000000   -0.000000
H    0.000000   -0.000000    0.000000
H   -0.000000   -0.000000    0.000000
H    0.000018    0.000006    0.000041
H   -0.000075   -0.000063    0.000020
H    0.000000    0.000000   -0.000000
H    0.000000    0.000000    0.000000
H   -0.000000   -0.000000   -0.000000
H   -0.000000   -0.000000    0.000000
H    0.000000   -0.000000   -0.000000
H    0.000015    0.000007   -0.000030
H   -0.000000    0.000000    0.000000
H   -0.000000    0.000000    0.000000
H   -0.000091   -0.000134   -0.000804
H   -0.000000    0.000000    0.000000
H    0.000000    0.000000    0.000000
H    0.000000   -0.000001    0.000000
H    0.000001   -0.000000   -0.000000
H   -0.000000   -0.000000    0.000000
H    0.000000   -0.000000   -0.000000
H    0.000000   -0.000000    0.000000
H   -0.000000   -0.000000    0.000000
H   -0.000005   -0.000004   -0.000002
H   -0.000000   -0.000000    0.000000
H   -0.000000    0.000000   -0.000000
H   -0.000000   -0.000000    0.000000
H    0.000000    0.000004   -0.000003
H   -0.000000    0.000000   -0.000000
H    0.000000    0.000000   -0.000000
H   -0.000000    0.000000    0.000000
H    0.000000   -0.000000    0.000000
H    0.000000    0.000000    0.000000
H   -0.000033    0.000114   -0.000049
H    0.000000   -0.000000    0.000000
H    0.000000   -0.000000   -0.000000
H   -0.000000   -0.000000   -0.000000
H    0.000000   -0.000000    0.000000
H    0.000000   -0.000000    0.000000
H   -0.000007    0.000014   -0.000001
H    0.000000   -0.000000    0.000000
H    0.000000    0.000000    0.000000
H    0.000000    0.000000   -0.000000
H   -0.000001    0.000000    0.000000
H    0.000061   -0.000003   -0.000001
H   -0.000000   -0.000000    0.000000
H    0.000000   -0.000000   -0.000000
H    0.000000   -0.000000    0.000000
H    0.000007   -0.000014    0.000001
H   -0.000000    0.000000   -0.000000
H    0.000000   -0.000000    0.000000
H   -0.000019   -0.000006   -0.000041
H    0.000000    0.000000    0.000000
H   -0.000001   -0.000001    0.000000
H   -0.000000    0.000000   -0.000000
H    0.000000    0.000000    0.000000
H   -0.000000    0.000000   -0.000000
H    0.000327   -0.000067    0.000199
H   -0.000000   -0.000000    0.000000
H    0.000000    0.000000   -0.000000
H   -0.000001   -0.000001   -0.000000
H    0.000000   -0.000000    0.000000
H   -0.000000   -0.000000    0.000000
H    0.000000   -0.000000    0.000000
H    0.000033   -0.000114    0.000049
H    0.000000   -0.000000    0.000000
H   -0.000000    0.000000   -0.000000
H    0.000000   -0.000000    0.000000
H    0.000000    0.000000   -0.000000
H    0.000000   -0.000000   -0.000000
H   -0.000000   -0.000000    0.000000
H    0.000000    0.000000    0.000000
H    0.000006   -0.000000    0.000005
H    0.000001    0.000001    0.000000
H    0.000091    0.000134    0.000804
H   -0.000000    0.000000   -0.000000
H   -0.000000    0.000000   -0.000000
H    0.000000    0.000000   -0.000000
H   -0.000000   -0.000000    0.000000
H    0.000000    0.000000   -0.000000
H    0.000000    0.000000    0.000000
H   -0.000000   -0.000000   -0.000000
H   -0.000327    0.000071   -0.000202
H   -0.000000    0.000000    0.000000
H   -0.000000   -0.000000    0.000000
H   -0.000000   -0.000000   -0.000000
H   -0.000000   -0.000000   -0.000000
H   -0.000000    0.000000    0.000000
H   -0.000000   -0.000000    0.000000
