100
TIME:    0.229, STEP:   229
H    0.000001   -0.000001   -0.000002
H   -0.000000   -0.000000   -0.000001
H    0.000002    0.000007    0.000010
H   -0.000000    0.000000   -0.000000
H    0.000000    0.000000   -0.000000
H   -0.000000   -0.000000   -0.000000
H   -0.000000   -0.000000    0.000000
H   -0.000000    0.000000   -0.000000
H    0.000000    0.000000   -0.000000
H    0.000000    0.000000    0.000000
H    0.000000    0.000000    0.000000
H    0.000000    0.000000   -0.000000
H    0.000000    0.000000   -0.000000
H    0.000000   -0.000000    0.000000
H   -0.000000   -0.000000   -0.000000
H   -0.000037   -0.000003    0.000053
H   -0.000001    0.000001    0.000002
H    0.000000    0.000000    0.000000
H    0.000000    0.000000    0.000000
H   -0.000000   -0.000000   -0.000000
H   -0.000000    0.000000    0.000000
H    0.000000   -0.000000   -0.000000
H    0.000003   -0.000006   -0.000012
H    0.000000    0.000000    0.000000
H   -0.000000   -0.000000    0.000000
H   -0.000000   -0.000000   -0.000000
H   -0.000000    0.000000    0.000000
H   -0.000000    0.000000   -0.000000
H    0.000002   -0.000003    0.000001
H   -0.000000   -0.000000   -0.000000
H    0.000000   -0.000002   -0.000000
H   -0.000000    0.000000   -0.000000
H   -0.000000   -0.000000    0.000000
H   -0.000000   -0.000000    0.000000
H    0.000000    0.000000    0.000000
H   -0.000000   -0.000000    0.000000
H   -0.000000    0.000000   -0.000000
H   -0.000000   -0.000000   -0.000000
H    0.000001    0.000001    0.000001
H   -0.000000    0.000000    0.000000
H   -0.000002    0.000004   -0.000001
H   -0.000000    0.000000   -0.000000
H   -0.000000   -0.000000   -0.000000
H    0.000000    0.000000    0.000000
H   -0.000001   -0.000000    0.000001
H   -0.000000   -0.000000    0.000000
H    0.000024   -0.000017   -0.000019
H   -0.000000   -0.000000   -0.000000
H    0.000000   -0.000000    0.000000
H    0.000000   -0.000000    0.000000
H    0.000483   -0.002510    0.001410
H    0.000000   -0.000000    0.000000
H    0.000000    0.000000    0.000000
H    0.000000    0.000000   -0.000000
H   -0.000000    0.000000   -0.000000
H    0.000000    0.000000    0.000001
H   -0.000000   -0.000000    0.000000
H    0.000000    0.000000    0.000000
H   -0.000000   -0.000000    0.000000
H   -0.000483    0.002510   -0.001410
H    0.000000   -0.000000   -0.000000
H    0.000000   -0.000000    0.000000
H    0.000033    0.000002   -0.000051
H   -0.000000   -0.000000    0.000000
H    0.000000   -0.000000    0.000000
H   -0.000000    0.000000   -0.000000
H    0.000000    0.000000    0.000000
H   -0.000000    0.000000   -0.000000
H   -0.000046   -0.000036   -0.000066
H   -0.000000   -0.000000    0.000000
H   -0.000000    0.000001   -0.000001
H    0.000002    0.000001   -0.000004
H    0.000000   -0.000000   -0.000000
H   -0.000000    0.000002    0.000000
H   -0.000000   -0.000000   -0.000000
H    0.000001    0.000000   -0.000001
H    0.000000   -0.000000   -0.000000
H   -0.004982   -0.004026   -0.004673
H    0.000000   -0.000000   -0.000000
H    0.000000    0.000000   -0.000000
H    0.000000   -0.000000   -0.000000
H   -0.000002   -0.000001    0.000004
H    0.000000    0.000000    0.000000
H    0.000055    0.000022    0.000063
H    0.004959    0.004042    0.004692
H   -0.000000    0.000000    0.000000
H    0.000000    0.000000   -0.000000
H   -0.000000    0.000000   -0.000000
H   -0.000000   -0.000000   -0.000000
H   -0.000000   -0.000000    0.000000
H    0.000000   -0.000000   -0.000000
H   -0.000000   -0.000000   -0.000000
H   -0.000000    0.000000   -0.000000
H   -0.000009    0.000014    0.000002
H   -0.000000    0.000000    0.000000
H    0.000000   -0.000001    0.000001
H   -0.000001   -0.000001   -0.000001
H   -0.000000   -0.000000   -0.000000
H    0.000000   -0.000000    0.000000
H   -0.000000   -0.000000    0.000000
