200
TIME:    0.367, STEP:   367
H    0.000000    0.000000    0.000000
H    0.000000    0.000000    0.000000
H    0.000000    0.000000    0.000000
H    0.000000    0.000000    0.000000
H    0.000000    0.000000    0.000000
H    0.000000    0.000000    0.000000
H    0.000000    0.000000    0.000000
H    0.000000    0.000000    0.000000
H    0.000000    0.000000    0.000000
H    0.000000    0.000000    0.000000
H    0.000000    0.000000    0.000000
H    0.000000    0.000000    0.000000
H    0.000000    0.000000    0.000000
H    0.000000    0.000000    0.000000
H    0.000000    0.000000    0.000000
H    0.000000    0.000000    0.000000
H    0.000000    0.000000    0.000000
H    0.000000    0.000000    0.000000
H    0.000000    0.000000    0.000000
H    0.000000    0.000000    0.000000
H    0.000000    0.000000    0.000000
H    0.000000    0.000000    0.000000
H    0.000000    0.000000    0.000000
H    0.000000    0.000000    0.000000
H    0.000000    0.000000    0.000000
H    0.000000    0.000000    0.000000
H    0.000000    0.000000    0.000000
H    0.000000    0.000000    0.000000
H    0.000000    0.000000    0.000000
H    0.000000    0.000000    0.000000
H    0.000000    0.000000    0.000000
H    0.000000    0.000000    0.000000
H    0.000000    0.000000    0.000000
H    0.000000    0.000000    0.000000
H    0.000000    0.000000    0.000000
H    0.000000    0.000000    0.000000
H    0.000000    0.000000    0.000000
H    0.000000    0.000000    0.000000
H    0.000000    0.000000    0.000000
H    0.000000    0.000000    0.000000
H    0.000000    0.000000    0.000000
H    0.000000    0.000000    0.000000
H    0.000000    0.000000    0.000000
H    0.000000    0.000000    0.000000
H    0.000000    0.000000    0.000000
H    0.000000    0.000000    0.000000
H    0.000000    0.000000    0.000000
H    0.000000    0.000000    0.000000
H    0.000000    0.000000    0.000000
H    0.000000    0.000000    0.000000
H    0.000000    0.000000    0.000000
H    0.000000    0.000000    0.000000
H    0.000000    0.000000    0.000000
H    0.000000    0.000000    0.000000
H    0.000000    0.000000    0.000000
H    0.000000    0.000000    0.000000
H    0.000000    0.000000    0.000000
H    0.000000    0.000000    0.000000
H    0.000000    0.000000    0.000000
H    0.000000    0.000000    0.000000
H    0.000000    0.000000    0.000000
H    0.000000    0.000000    0.000000
H    0.000000    0.000000    0.000000
H    0.000000    0.000000    0.000000
H    0.000000    0.000000    0.000000
H    0.000000    0.000000    0.000000
H    0.000000    0.000000    0.000000
H    0.000000    0.000000    0.000000
H    0.000000    0.000000    0.000000
H    0.000000    0.000000    0.000000
H    0.000000    0.000000    0.000000
H    0.000000    0.000000    0.000000
H    0.000000    0.000000    0.000000
H    0.000000    0.000000    0.000000
H    0.000000    0.000000    0.000000
H    0.000000    0.000000    0.000000
H    0.000000    0.000000    0.000000
H    0.000000    0.000000    0.000000
H    0.000000    0.000000    0.000000
H    0.000000    0.000000    0.000000
H    0.000000    0.000000    0.000000
H    0.000000    0.000000    0.000000
H    0.000000    0.000000    0.000000
H    0.000000    0.000000    0.000000
H    0.000000    0.000000    0.000000
H    0.000000    0.000000    0.000000
H    0.000000    0.000000    0.000000
H    0.000000    0.000000    0.000000
H    0.305222   -2.955717   -1.509477
H    0.000000    0.000000    0.000000
H    0.000000    0.000000    0.000000
H    0.000000    0.000000    0.000000
H    0.000000    0.000000    0.000000
H    0.000000    0.000000    0.000000
H    0.000000    0.000000    0.000000
H    0.000000    0.000000    0.000000
H    0.000000    0.000000    0.000000
H    0.000000    0.000000    0.000000
H    0.000000    0.000000    0.000000
H    0.000000    0.000000    0.000000
H    0.000000    0.000000    0.000000
H    0.000000    0.000000    0.000000
H    0.000000    0.000000    0.000000
H    0.000000    0.000000    0.000000
H    0.000000    0.000000    0.000000
H    0.000000    0.000000    0.000000
H    0.000000    0.000000    0.000000
H    0.000000    0.000000    0.000000
H    0.000000    0.000000    0.000000
H    0.000000    0.000000    0.000000
H    0.000000    0.000000    0.000000
H    0.000000    0.000000    0.000000
H    0.000000    0.000000    0.000000
H    0.000000    0.000000    0.000000
H    0.000000    0.000000    0.000000
H    0.000000    0.000000    0.000000
H    0.000000    0.000000    0.000000
H    0.000000    0.000000    0.000000
H    0.000000    0.000000    0.000000
H    0.000000    0.000000    0.000000
H    0.000000    0.000000    0.000000
H    0.000000    0.000000    0.000000
H    0.000000    0.000000    0.000000
H    0.000000    0.000000    0.000000
H    0.000000    0.000000    0.000000
H    0.000000    0.000000    0.000000
H    0.000000    0.000000    0.000000
H    0.000000    0.000000    0.000000
H    0.000000    0.000000    0.000000
H    0.000000    0.000000    0.000000
H    0.000000    0.000000    0.000000
H    0.000000    0.000000    0.000000
H    0.000000    0.000000    0.000000
H    0.000000    0.000000    0.000000
H    0.000000    0.000000    0.000000
H    0.000000    0.000000    0.000000
H    0.000000    0.000000    0.000000
H    0.000000    0.000000    0.000000
H    0.000000    0.000000    0.000000
H    0.000000    0.000000    0.000000
H    0.000000    0.000000    0.000000
H    0.000000    0.000000    0.000000
H    0.000000    0.000000    0.000000
H    0.000000    0.000000    0.000000
H    0.000000    0.000000    0.000000
H    0.000000    0.000000    0.000000
H    0.000000    0.000000    0.000000
H    0.000000    0.000000    0.000000
H    0.000000    0.000000    0.000000
H    0.000000    0.000000    0.000000
H    0.000000    0.000000    0.000000
H    0.000000    0.000000    0.000000
H    0.000000    0.000000    0.000000
H    0.000000    0.000000    0.000000
H    0.000000    0.000000    0.000000
H    0.000000    0.000000    0.000000
H    0.000000    0.000000    0.000000
H    0.000000    0.000000    0.000000
H    0.000000    0.000000    0.000000
H    0.000000    0.000000    0.000000
H    0.000000    0.000000    0.000000
H    0.000000    0.000000    0.000000
H    0.000000    0.000000    0.000000
H    0.000000    0.000000    0.000000
H    0.000000    0.000000    0.000000
H    0.000000    0.000000    0.000000
H    0.000000    0.000000    0.000000
H    0.000000    0.000000    0.000000
H    0.000000    0.000000    0.000000
H    0.000000    0.000000    0.000000
H    0.000000    0.000000    0.000000
H    0.000000    0.000000    0.000000
H    0.000000    0.000000    0.000000
H   -0.305222    2.955717    1.509477
H    0.000000    0.000000    0.000000
H    0.000000    0.000000    0.000000
H    0.000000    0.000000    0.000000
H    0.000000    0.000000    0.000000
H    0.000000    0.000000    0.000000
H    0.000000    0.000000    0.000000
H    0.000000    0.000000    0.000000
H    0.000000    0.000000    0.000000
H    0.000000    0.000000    0.000000
H    0.000000    0.000000    0.000000
H    0.000000    0.000000    0.000000
H    0.000000    0.000000    0.000000
H    0.000000    0.000000    0.000000
H    0.000000    0.000000    0.000000
H    0.000000    0.000000    0.000000
H    0.000000    0.000000    0.000000
H    0.000000    0.000000    0.000000
H    0.000000    0.000000    0.000000
H    0.000000    0.000000    0.000000
H    0.000000    0.000000    0.000000
H    0.000000    0.000000    0.000000
H    0.000000    0.000000    0.000000
H    0.000000    0.000000    0.000000
H    0.000000    0.000000    0.000000
H    0.000000    0.000000    0.000000
H    0.000000    0.000000    0.000000
