100
TIME:    0.319, STEP:   319
H   -0.000000    0.000006   -0.000002
H    0.000000   -0.000000   -0.000000
H   -0.000002   -0.000002    0.000002
H   -0.000000    0.000000    0.000000
H   -0.000001    0.000001   -0.000001
H   -0.000000   -0.000000   -0.000000
H    0.000010    0.000030    0.000034
H   -0.000008   -0.000035    0.000025
H    0.000000   -0.000000   -0.000000
H   -0.000000   -0.000000   -0.000000
H    0.000000    0.000000    0.000000
H    0.000000    0.000000    0.000000
H   -0.000000   -0.000000   -0.000000
H    0.000000   -0.000000   -0.000000
H   -0.000000   -0.000000   -0.000000
H    0.000001    0.000000    0.000000
H   -0.000001   -0.000001   -0.000002
H    0.000001    0.000000   -0.000000
H    0.000000    0.000000    0.000000
H   -0.000000    0.000000   -0.000000
H   -0.000000   -0.000000    0.000000
H   -0.000000   -0.000000   -0.000000
H    0.000002    0.000002   -0.000002
H    0.000000    0.000000    0.000000
H   -0.000000    0.000000    0.000000
H   -0.000006    0.000012    0.000021
H    0.000000   -0.000000    0.000000
H    0.000000    0.000000    0.000000
H    0.000000    0.000000    0.000000
H    0.000001    0.000002   -0.000003
H   -0.000000   -0.000000    0.000000
H    0.000000   -0.000000   -0.000000
H   -0.000000   -0.000000   -0.000000
H   -0.000000   -0.000000    0.000000
H    0.000003   -0.000002    0.000002
H   -0.000000    0.000000   -0.000000
H    0.000000   -0.000000    0.000000
H   -0.000000   -0.000000    0.000000
H   -0.000000    0.000000    0.000000
H   -0.000000    0.000000   -0.000000
H    0.000000    0.000000    0.000000
H   -0.000000    0.000000    0.000000
H    0.000000   -0.000000    0.000000
H    0.000000    0.000000    0.000000
H   -0.000000    0.000000   -0.000000
H    0.000000   -0.000000    0.000000
H    0.000000   -0.000000   -0.000000
H   -0.000000   -0.000000   -0.000000
H    0.000000   -0.000000    0.000000
H    0.000000    0.000000   -0.000000
H   -0.000000   -0.000000    0.000000
H    0.000000    0.000000    0.000000
H    0.000000    0.000000   -0.000000
H    0.000000    0.000000   -0.000000
H   -0.000001   -0.000002    0.000003
H    0.000008    0.000035   -0.000025
H   -0.000001   -0.000000    0.000000
H   -0.000000   -0.000000   -0.000000
H    0.000000   -0.000000    0.000000
H    0.000000   -0.000000   -0.000000
H   -0.000000    0.000000   -0.000000
H    0.000000   -0.000000   -0.000000
H   -0.000001   -0.000000   -0.000000
H    0.000000    0.000000    0.000000
H    0.000000   -0.000000    0.000001
H    0.000000    0.000000    0.000000
H    0.000000    0.000000   -0.000000
H   -0.000000    0.000000   -0.000000
H    0.000000    0.000001    0.000000
H   -0.000000    0.000000    0.000000
H    0.000000   -0.000000   -0.000000
H   -0.000000   -0.000000   -0.000000
H    0.000001   -0.000001    0.000000
H   -0.000000   -0.000000   -0.000000
H    0.000000   -0.000000   -0.000000
H   -0.000000   -0.000000    0.000000
H    0.000001   -0.000005    0.000004
H   -0.000000    0.000000   -0.000001
H   -0.000000   -0.000000    0.000000
H    0.000000    0.000000    0.000000
H    0.000000    0.000000   -0.000000
H   -0.000000   -0.000000   -0.000000
H    0.000001    0.000000    0.000000
H    0.000000   -0.000000    0.000000
H    0.000000    0.000000   -0.000000
H    0.000006   -0.000012   -0.000021
H   -0.000000    0.000000   -0.000000
H    0.000000   -0.000000   -0.000000
H    0.000000    0.000000   -0.000000
H   -0.000000   -0.000002    0.000002
H    0.000000    0.000002   -0.000002
H    0.000000    0.000000    0.000000
H    0.000000   -0.000000    0.000000
H   -0.000003    0.000001   -0.000002
H    0.000000    0.000000    0.000000
H   -0.000000   -0.000000   -0.000000
H   -0.000010   -0.000030   -0.000035
H   -0.000000    0.000000   -0.000000
H   -0.000000    0.000000    0.000000
H    0.000000   -0.000000    0.000000
