100
TIME:    0.338, STEP:   338
H    0.000001    0.000003   -0.000001
H    0.000000   -0.000000   -0.000000
H   -0.000001   -0.000001    0.000000
H   -0.000000    0.000000    0.000000
H   -0.000001    0.000000   -0.000001
H   -0.000000   -0.000000   -0.000000
H    0.000174    0.000936    0.000320
H    0.000000   -0.000003    0.000003
H   -0.000000   -0.000000    0.000000
H   -0.000000   -0.000000   -0.000000
H    0.000000   -0.000000   -0.000000
H   -0.000000   -0.000000   -0.000000
H   -0.000000   -0.000000    0.000000
H    0.000000   -0.000000   -0.000000
H   -0.000000    0.000000   -0.000000
H    0.000000    0.000000    0.000000
H    0.000000   -0.000000   -0.000000
H    0.000000    0.000000   -0.000000
H    0.000000    0.000000    0.000000
H   -0.000000    0.000000   -0.000000
H    0.000000   -0.000000    0.000000
H   -0.000000   -0.000000   -0.000000
H    0.000001    0.000001   -0.000000
H    0.000000    0.000000    0.000000
H   -0.000000    0.000000   -0.000000
H   -0.000001    0.000000    0.000001
H    0.000000   -0.000000    0.000001
H    0.000000    0.000000    0.000000
H    0.000000    0.000000    0.000000
H   -0.000000    0.000000   -0.000001
H   -0.000000   -0.000000    0.000000
H    0.000000   -0.000000   -0.000000
H   -0.000000   -0.000000   -0.000000
H   -0.000000   -0.000000    0.000000
H    0.000001   -0.000000    0.000000
H   -0.000000    0.000000   -0.000000
H    0.000000   -0.000000    0.000000
H   -0.000000   -0.000000    0.000000
H    0.000000    0.000000   -0.000000
H   -0.000000    0.000000   -0.000000
H   -0.000000    0.000000    0.000000
H   -0.000000    0.000000   -0.000000
H    0.000000   -0.000000    0.000000
H    0.000000    0.000000    0.000000
H   -0.000000    0.000000   -0.000000
H    0.000000   -0.000000    0.000000
H    0.000000   -0.000000   -0.000000
H   -0.000000   -0.000000   -0.000000
H    0.000000   -0.000000    0.000000
H    0.000000    0.000000   -0.000000
H   -0.000000   -0.000000    0.000000
H    0.000000    0.000000    0.000000
H    0.000001    0.000001   -0.000000
H    0.000000    0.000000   -0.000000
H   -0.000000   -0.000000    0.000001
H   -0.000000    0.000004   -0.000002
H   -0.000000   -0.000000   -0.000000
H   -0.000000   -0.000000   -0.000000
H    0.000000   -0.000000    0.000000
H    0.000000   -0.000000   -0.000000
H   -0.000000    0.000000   -0.000000
H    0.000000   -0.000000   -0.000000
H   -0.000000   -0.000000   -0.000000
H    0.000000    0.000000    0.000000
H    0.000000   -0.000001    0.000001
H    0.000000    0.000000    0.000000
H    0.000000    0.000000   -0.000000
H   -0.000000    0.000000   -0.000000
H   -0.000000    0.000000    0.000000
H   -0.000000    0.000000    0.000000
H    0.000000   -0.000000   -0.000000
H    0.000000   -0.000000   -0.000000
H    0.000001   -0.000000    0.000001
H   -0.000001   -0.000001    0.000000
H    0.000000   -0.000000    0.000000
H    0.000000    0.000000   -0.000000
H   -0.000001   -0.000003    0.000001
H   -0.000000    0.000001   -0.000001
H   -0.000000   -0.000000    0.000000
H    0.000000   -0.000000    0.000000
H    0.000000    0.000000   -0.000000
H    0.000000   -0.000000   -0.000000
H    0.000001    0.000001   -0.000000
H    0.000000   -0.000000    0.000000
H   -0.000000    0.000000   -0.000001
H    0.000000   -0.000001   -0.000001
H   -0.000000    0.000000   -0.000000
H    0.000000   -0.000000    0.000000
H    0.000000    0.000000   -0.000000
H    0.000003   -0.000008    0.000009
H   -0.000003    0.000008   -0.000009
H    0.000000   -0.000000    0.000000
H    0.000000   -0.000000    0.000000
H   -0.000001   -0.000000   -0.000000
H    0.000000    0.000000   -0.000000
H   -0.000000   -0.000000   -0.000000
H   -0.000174   -0.000936   -0.000320
H   -0.000000    0.000000   -0.000000
H    0.000000    0.000000    0.000000
H    0.000000   -0.000000    0.000000
