100
TIME:    0.487, STEP:   487
H   -0.000000   -0.000000   -0.000000
H    0.000000    0.000000   -0.000002
H   -0.000005    0.000008   -0.000000
H    0.000012    0.000005    0.000014
H    0.000000    0.000000   -0.000000
H    0.000000   -0.000000    0.000000
H   -0.000001    0.000000    0.000001
H   -0.000000   -0.000000    0.000000
H   -0.000001   -0.000000   -0.000001
H   -0.000000   -0.000000    0.000000
H   -0.000000    0.000000   -0.000000
H    0.000003    0.000001   -0.000001
H    0.000000   -0.000000   -0.000000
H   -0.000000    0.000000    0.000000
H    0.000000    0.000002   -0.000000
H    0.000000    0.000000    0.000000
H   -0.000007   -0.000013   -0.000014
H    0.000000   -0.000000   -0.000000
H    0.000000    0.000000    0.000000
H   -0.000103   -0.000027   -0.000001
H    0.000000    0.000000   -0.000000
H    0.000000   -0.000000   -0.000000
H   -0.000000    0.000001    0.000004
H    0.000000   -0.000000   -0.000000
H   -0.000000   -0.000000    0.000000
H   -0.000000   -0.000000   -0.000000
H   -0.000000    0.000000    0.000000
H   -0.000000   -0.000000    0.000000
H    0.000001   -0.000000   -0.000000
H    0.000000    0.000000    0.000000
H   -0.000000   -0.000000    0.000000
H   -0.000001    0.000002    0.000003
H    0.000000   -0.000000    0.000000
H    0.000000    0.000000   -0.000000
H    0.000000    0.000000    0.000000
H    0.000000   -0.000000   -0.000000
H   -0.000003    0.000002   -0.000005
H   -0.000003   -0.000001    0.000001
H   -0.000000    0.000000    0.000001
H   -0.000000    0.000000    0.000000
H   -0.000000   -0.000000   -0.000001
H   -0.000001   -0.000002    0.000001
H    0.000000    0.000000    0.000000
H    0.000000   -0.000000    0.000000
H    0.000000    0.000000    0.000000
H   -0.000000   -0.000000    0.000000
H   -0.000000   -0.000000    0.000000
H   -0.000000   -0.000000   -0.000000
H    0.000000   -0.000001   -0.000004
H    0.000000    0.000000    0.000000
H   -0.000000    0.000000   -0.000000
H    0.000000   -0.000000    0.000000
H    0.000001   -0.000008   -0.000000
H    0.000000   -0.000000   -0.000000
H    0.000000    0.000000   -0.000000
H   -0.000000    0.000000   -0.000000
H    0.000000   -0.000000   -0.000001
H   -0.000001    0.000000    0.000002
H    0.000000    0.000000   -0.000000
H    0.000000    0.000000   -0.000000
H    0.000000   -0.000000   -0.000000
H   -0.000000   -0.000000   -0.000000
H    0.000000    0.000000   -0.000000
H    0.000000    0.000000    0.000000
H    0.000061   -0.000059    0.000009
H    0.000000    0.000000   -0.000000
H    0.000000    0.000000    0.000000
H   -0.000000   -0.000000   -0.000000
H    0.000000    0.000000   -0.000000
H   -0.000000   -0.000000   -0.000000
H   -0.000000    0.000000   -0.000000
H    0.000000    0.000000   -0.000000
H    0.000103    0.000027    0.000001
H   -0.000001    0.000008    0.000000
H    0.000000   -0.000000   -0.000000
H    0.000001    0.000000    0.000001
H   -0.000000   -0.000000    0.000000
H   -0.000061    0.000059   -0.000009
H   -0.000020    0.000027   -0.000065
H   -0.000000   -0.000000    0.000000
H   -0.000000   -0.000000    0.000000
H    0.000000   -0.000000    0.000000
H   -0.000000    0.000000   -0.000000
H    0.000020   -0.000027    0.000065
H   -0.000000    0.000000    0.000000
H    0.000000    0.000000   -0.000000
H    0.000000    0.000000    0.000001
H    0.000000    0.000000   -0.000000
H    0.000000   -0.000000   -0.000000
H    0.000003   -0.000002    0.000004
H   -0.000000    0.000000   -0.000000
H   -0.000000    0.000000   -0.000000
H   -0.000000   -0.000000   -0.000000
H    0.000001   -0.000002   -0.000003
H   -0.000000    0.000000    0.000000
H   -0.000000    0.000000    0.000000
H   -0.000000    0.000000    0.000000
H   -0.000000    0.000000   -0.000000
H    0.000000   -0.000001    0.000000
H    0.000000   -0.000000   -0.000000
