100
TIME:    0.463, STEP:   463
H   -0.000000   -0.000000   -0.000000
H    0.000001    0.000002   -0.000002
H   -0.000002    0.000010   -0.000005
H    0.000020   -0.000004    0.000002
H   -0.000000   -0.000000   -0.000000
H    0.000000   -0.000000    0.000000
H   -0.000000    0.000000    0.000000
H   -0.000000   -0.000000    0.000000
H   -0.000000   -0.000000   -0.000000
H   -0.000000   -0.000000    0.000000
H   -0.000000    0.000000   -0.000000
H    0.000000    0.000000   -0.000000
H    0.000000   -0.000000   -0.000000
H   -0.000000    0.000000    0.000000
H    0.000002    0.000002   -0.000001
H    0.000000    0.000000    0.000000
H   -0.000018   -0.000006    0.000002
H    0.000000   -0.000000   -0.000000
H    0.000000    0.000000    0.000000
H   -0.000163   -0.000019    0.000109
H    0.000001    0.000000    0.000000
H    0.000000   -0.000000   -0.000000
H   -0.000000    0.000001    0.000002
H    0.000000   -0.000000   -0.000000
H   -0.000000   -0.000000    0.000000
H   -0.000001   -0.000000   -0.000000
H    0.000000    0.000000   -0.000000
H   -0.000000   -0.000000    0.000000
H    0.000003   -0.000000    0.000003
H    0.000000    0.000000    0.000000
H   -0.000000   -0.000000    0.000000
H   -0.000259    0.000128    0.000125
H    0.000000   -0.000000    0.000000
H   -0.000000    0.000000    0.000000
H    0.000000   -0.000000    0.000000
H    0.000000    0.000000   -0.000000
H    0.000009    0.000017   -0.000027
H   -0.000000   -0.000000    0.000000
H   -0.000001    0.000002    0.000001
H    0.000000   -0.000000    0.000000
H   -0.000000   -0.000000   -0.000000
H   -0.000002   -0.000002    0.000003
H   -0.000000   -0.000000    0.000000
H    0.000000   -0.000000    0.000000
H    0.000000    0.000000    0.000000
H   -0.000000   -0.000000    0.000000
H   -0.000000   -0.000000    0.000000
H   -0.000000   -0.000000   -0.000000
H    0.000000   -0.000001   -0.000002
H    0.000000    0.000000    0.000000
H   -0.000000    0.000000    0.000000
H    0.000000   -0.000000    0.000000
H    0.000016   -0.000048   -0.000003
H    0.000000   -0.000000   -0.000000
H    0.000000   -0.000000   -0.000000
H   -0.000000    0.000000   -0.000000
H    0.000001   -0.000002   -0.000001
H   -0.000002   -0.000001    0.000003
H    0.000000    0.000000   -0.000000
H    0.000000    0.000000   -0.000000
H   -0.000000    0.000000    0.000000
H   -0.000000    0.000000   -0.000000
H    0.000000    0.000000   -0.000000
H    0.000000    0.000000    0.000000
H    0.000034   -0.000038    0.000015
H    0.000000    0.000000    0.000000
H    0.000000    0.000000    0.000000
H   -0.000000   -0.000000   -0.000000
H    0.000000    0.000000   -0.000000
H   -0.000000   -0.000000   -0.000000
H   -0.000000    0.000000   -0.000000
H    0.000000    0.000000   -0.000000
H    0.000163    0.000019   -0.000109
H   -0.000016    0.000048    0.000003
H    0.000000   -0.000000   -0.000001
H    0.000000    0.000000    0.000000
H   -0.000000   -0.000000    0.000000
H   -0.000034    0.000038   -0.000015
H   -0.004539   -0.001179   -0.004181
H   -0.000000   -0.000000    0.000000
H    0.000000   -0.000000    0.000000
H    0.000000   -0.000000    0.000000
H   -0.000000    0.000000   -0.000000
H    0.004539    0.001179    0.004181
H   -0.000000    0.000000    0.000000
H    0.000000   -0.000000   -0.000000
H    0.000000    0.000000    0.000000
H    0.000000    0.000000   -0.000000
H    0.000000   -0.000000   -0.000000
H   -0.000011   -0.000017    0.000024
H   -0.000000    0.000000    0.000000
H   -0.000000    0.000000   -0.000000
H   -0.000000   -0.000000   -0.000000
H    0.000259   -0.000129   -0.000125
H    0.000000    0.000000    0.000000
H   -0.000000    0.000000    0.000000
H   -0.000000   -0.000000    0.000000
H    0.000000    0.000000   -0.000000
H    0.000000   -0.000001   -0.000000
H    0.000000   -0.000000   -0.000000
