100
TIME:    0.445, STEP:   445
H   -0.000000   -0.000000   -0.000000
H    0.000000    0.000001   -0.000000
H    0.000000    0.000003   -0.000002
H    0.000002   -0.000001   -0.000000
H   -0.000000   -0.000000   -0.000000
H    0.000000   -0.000000   -0.000000
H   -0.000000    0.000000   -0.000000
H   -0.000000   -0.000000    0.000001
H   -0.000000   -0.000000   -0.000000
H   -0.000000   -0.000000    0.000000
H   -0.000000    0.000000   -0.000000
H    0.000000   -0.000000    0.000000
H    0.000000   -0.000000   -0.000000
H   -0.000000    0.000000    0.000000
H   -0.000003   -0.000001    0.000007
H    0.000000    0.000000    0.000000
H   -0.000002   -0.000002    0.000003
H    0.000000    0.000000   -0.000000
H    0.000000    0.000000    0.000000
H   -0.000035    0.000002    0.000052
H    0.000002    0.000001    0.000001
H    0.000000   -0.000000   -0.000000
H   -0.000000    0.000000    0.000001
H    0.000000   -0.000000   -0.000000
H   -0.000000    0.000000    0.000000
H   -0.000002   -0.000001   -0.000001
H    0.000001   -0.000000   -0.000000
H    0.000000   -0.000000    0.000000
H    0.000002    0.000000    0.000003
H    0.000000    0.000000    0.000000
H   -0.000000   -0.000000    0.000000
H   -0.000201   -0.000005   -0.000078
H    0.000000   -0.000000    0.000000
H   -0.000000    0.000001    0.000000
H    0.000000    0.000000   -0.000000
H    0.000000    0.000000   -0.000000
H    0.000005    0.000003   -0.000006
H   -0.000000   -0.000000    0.000000
H    0.000000    0.000001   -0.000000
H    0.000000   -0.000000    0.000000
H    0.000000   -0.000001    0.000001
H   -0.000001   -0.000000    0.000001
H   -0.000000   -0.000000    0.000000
H    0.000000   -0.000000    0.000000
H    0.000000    0.000000    0.000000
H   -0.000000   -0.000000    0.000000
H   -0.000000   -0.000000    0.000000
H   -0.000000   -0.000000   -0.000000
H    0.000000   -0.000000   -0.000001
H    0.000000    0.000000    0.000000
H   -0.000000    0.000000    0.000000
H    0.000000   -0.000000    0.000000
H    0.000098   -0.000138   -0.000011
H    0.000000   -0.000000   -0.000000
H    0.000000   -0.000000   -0.000000
H   -0.000000    0.000000   -0.000000
H    0.000001   -0.000001    0.000000
H   -0.000001   -0.000000    0.000001
H    0.000000    0.000000   -0.000000
H    0.000000    0.000000   -0.000000
H   -0.000000    0.000000    0.000000
H   -0.000000    0.000000   -0.000001
H    0.000000    0.000000   -0.000000
H    0.000000    0.000000    0.000000
H    0.000019   -0.000024    0.000013
H    0.000000    0.000000    0.000000
H    0.000000    0.000000    0.000000
H   -0.000000   -0.000000   -0.000000
H    0.000000    0.000000   -0.000000
H   -0.000001    0.000000   -0.000000
H   -0.000001    0.000001   -0.000001
H    0.000000    0.000000   -0.000000
H    0.000035   -0.000002   -0.000052
H   -0.000098    0.000139    0.000011
H    0.000003    0.000001   -0.000008
H    0.000000    0.000000   -0.000000
H   -0.000000    0.000000    0.000000
H   -0.000019    0.000024   -0.000013
H   -0.001098   -0.001059    0.000122
H   -0.000000   -0.000000    0.000000
H    0.000000   -0.000000    0.000000
H    0.000000   -0.000000    0.000000
H   -0.000000    0.000000    0.000000
H    0.001098    0.001059   -0.000122
H   -0.000001    0.000000    0.000000
H    0.000000   -0.000000   -0.000000
H    0.000000    0.000000    0.000000
H    0.000000    0.000000   -0.000000
H    0.000000   -0.000000   -0.000000
H   -0.000007   -0.000003    0.000003
H   -0.000000    0.000000    0.000000
H   -0.000000   -0.000000    0.000000
H   -0.000000   -0.000000   -0.000000
H    0.000201    0.000004    0.000077
H    0.000000    0.000000   -0.000000
H   -0.000000    0.000000   -0.000000
H   -0.000000    0.000000    0.000000
H    0.000000    0.000000   -0.000000
H    0.000000   -0.000001   -0.000001
H    0.000000   -0.000000   -0.000000
