100
TIME:    4.976, STEP:  4976
H    0.000014    0.000011   -0.000009
H    0.000000   -0.000000   -0.000000
H    0.000000   -0.000000   -0.000000
H    0.000000   -0.000000   -0.000000
H   -0.000022   -0.000010   -0.000013
H    0.000011   -0.000058    0.000025
H   -0.000000   -0.000000   -0.000000
H   -0.000000   -0.000000    0.000000
H   -0.000000   -0.000000    0.000000
H    0.000009    0.000006    0.000010
H   -0.000002    0.000002    0.000000
H   -0.000000   -0.000000   -0.000000
H   -0.000000   -0.000000   -0.000000
H    0.000005   -0.000001   -0.000006
H   -0.000000    0.000000   -0.000000
H    0.000000   -0.000000   -0.000000
H    0.000001   -0.000000   -0.000001
H    0.000001   -0.000001    0.000000
H    0.000000   -0.000001   -0.000000
H   -0.000000   -0.000000    0.000000
H    0.000001   -0.000001    0.000003
H   -0.000000   -0.000000    0.000000
H   -0.000000    0.000000    0.000000
H   -0.000000   -0.000000    0.000000
H   -0.000011    0.000058   -0.000025
H   -0.000000    0.000001    0.000000
H   -0.000000    0.000000    0.000000
H   -0.000005    0.000001    0.000006
H    0.000000    0.000000    0.000000
H   -0.000000    0.000000    0.000000
H   -0.000000    0.000000   -0.000000
H   -0.000000   -0.000000   -0.000000
H    0.000000    0.000000   -0.000000
H    0.000000    0.000000    0.000000
H    0.000000    0.000000   -0.000000
H   -0.015602    0.035684   -0.001192
H    0.000000   -0.000000   -0.000000
H   -0.000000    0.000000    0.000000
H    0.000001   -0.000003   -0.000001
H   -0.000000    0.000000   -0.000000
H   -0.000000   -0.000000    0.000000
H    0.000000    0.000000   -0.000000
H    0.000000    0.000000    0.000000
H   -0.000000   -0.000000   -0.000000
H   -0.000000    0.000000    0.000000
H   -0.000000   -0.000000    0.000000
H    0.000000    0.000000    0.000000
H    0.000000   -0.000000    0.000000
H    0.000000   -0.000000    0.000000
H    0.000000    0.000000    0.000000
H   -0.000013   -0.000004   -0.000010
H   -0.000000   -0.000000   -0.000000
H   -0.000000    0.000000   -0.000000
H    0.000000    0.000000    0.000000
H    0.000000    0.000000    0.000000
H    0.000000   -0.000000   -0.000000
H   -0.000001    0.000001   -0.000000
H    0.000000    0.000000    0.000000
H   -0.000000   -0.000000   -0.000000
H   -0.000001    0.000000    0.000001
H    0.000000    0.000000    0.000000
H   -0.000000   -0.000000    0.000000
H   -0.000000   -0.000000    0.000000
H   -0.000014   -0.000011    0.000009
H    0.000001    0.000000    0.000000
H    0.000000   -0.000000    0.000000
H    0.000000    0.000000    0.000000
H   -0.000000   -0.000000   -0.000000
H   -0.000000    0.000000   -0.000000
H    0.000000   -0.000000   -0.000000
H    0.000000    0.000000    0.000000
H   -0.000000   -0.000000    0.000000
H   -0.000000   -0.000000   -0.000000
H    0.000000    0.000000   -0.000000
H   -0.000002    0.000003   -0.000005
H   -0.000000   -0.000000   -0.000000
H    0.000000   -0.000000    0.000000
H   -0.000000   -0.000000   -0.000000
H    0.000002   -0.000003    0.000005
H    0.000000   -0.000000   -0.000000
H    0.000000   -0.000000   -0.000000
H    0.000000    0.000000    0.000000
H    0.000004   -0.000001   -0.000001
H   -0.000000   -0.000000    0.000000
H   -0.000000    0.000000    0.000000
H   -0.000000    0.000000    0.000000
H    0.000000   -0.000000    0.000000
H   -0.000000   -0.000000   -0.000000
H    0.000000   -0.000000    0.000000
H    0.000000   -0.000000   -0.000000
H   -0.000000    0.000000   -0.000000
H    0.000022    0.000010    0.000013
H    0.015602   -0.035684    0.001192
H    0.000000    0.000000   -0.000000
H   -0.000000    0.000000    0.000000
H    0.000000    0.000000    0.000000
H    0.000000    0.000000   -0.000000
H   -0.000000   -0.000000    0.000000
H   -0.000001    0.000001   -0.000003
H    0.000000    0.000000    0.000000
