100
TIME:    0.556, STEP:   556
H   -0.000000   -0.000000   -0.000000
H   -0.000000    0.000000   -0.000000
H   -0.000000    0.000000    0.000000
H    0.000000    0.000000    0.000000
H    0.000000    0.000000   -0.000000
H    0.000083   -0.000030   -0.000025
H   -0.000304    0.000272   -0.001167
H   -0.000000    0.000000    0.000000
H   -0.000000    0.000000   -0.000000
H   -0.000000   -0.000000    0.000000
H    0.000000    0.000000    0.000000
H    0.000000   -0.000000    0.000000
H    0.000000   -0.000000   -0.000000
H   -0.000000    0.000000    0.000000
H   -0.000001   -0.000001   -0.000000
H   -0.000000    0.000000    0.000000
H    0.000002    0.000000    0.000000
H   -0.000000   -0.000002    0.000000
H    0.000000   -0.000000    0.000000
H   -0.000000   -0.000000   -0.000000
H   -0.000000    0.000000   -0.000000
H    0.000000   -0.000000   -0.000000
H    0.000001   -0.000001    0.000002
H    0.000000   -0.000000   -0.000000
H    0.000000   -0.000000    0.000000
H   -0.000000    0.000000    0.000000
H    0.000000   -0.000000   -0.000000
H   -0.000000   -0.000000    0.000000
H    0.000221   -0.000242    0.001192
H    0.000000    0.000000    0.000000
H   -0.000000   -0.000000    0.000000
H    0.000000   -0.000000   -0.000000
H   -0.000001   -0.000004   -0.000000
H    0.000002   -0.000000   -0.000000
H   -0.000000   -0.000000   -0.000000
H    0.000000    0.000000   -0.000000
H   -0.000000   -0.000000   -0.000000
H   -0.000002   -0.000004   -0.000002
H   -0.000000    0.000000    0.000000
H    0.000000    0.000002   -0.000000
H    0.000000   -0.000000   -0.000000
H    0.000000    0.000000   -0.000000
H    0.000000    0.000000    0.000000
H    0.000000   -0.000000    0.000000
H   -0.000000   -0.000000    0.000000
H    0.000000   -0.000000   -0.000000
H   -0.000000    0.000000    0.000000
H   -0.000000    0.000000   -0.000000
H   -0.000001    0.000001   -0.000002
H   -0.000000    0.000000    0.000000
H    0.000000    0.000000   -0.000000
H    0.000000   -0.000000    0.000000
H   -0.000000   -0.000000   -0.000000
H    0.000000   -0.000000   -0.000000
H    0.000000    0.000000    0.000000
H   -0.000000    0.000000   -0.000000
H    0.000000    0.000000   -0.000000
H   -0.000000    0.000000    0.000000
H    0.000000    0.000000   -0.000000
H   -0.000000   -0.000000   -0.000000
H    0.000000   -0.000000   -0.000000
H   -0.000000   -0.000000   -0.000000
H    0.000000    0.000000    0.000000
H    0.000000   -0.000000    0.000000
H    0.000042   -0.000024   -0.000025
H   -0.000000    0.000000   -0.000000
H   -0.000000    0.000000    0.000000
H   -0.000000    0.000000   -0.000000
H    0.000000    0.000000   -0.000000
H   -0.000000   -0.000000   -0.000000
H   -0.000000    0.000001   -0.000001
H   -0.000000   -0.000000    0.000000
H    0.000000    0.000000    0.000000
H    0.000000    0.000000    0.000000
H    0.000000   -0.000000    0.000000
H    0.000001    0.000004    0.000002
H   -0.000000   -0.000000   -0.000000
H   -0.000042    0.000024    0.000025
H   -0.000000    0.000000   -0.000000
H   -0.000000   -0.000000    0.000000
H   -0.000000   -0.000001    0.000000
H    0.000000   -0.000000   -0.000000
H    0.000000   -0.000000   -0.000000
H   -0.000000   -0.000000    0.000000
H    0.000000   -0.000000    0.000000
H    0.000000    0.000000   -0.000000
H    0.000000   -0.000001    0.000001
H    0.000000    0.000000   -0.000000
H    0.000000   -0.000000    0.000000
H    0.000000    0.000000   -0.000000
H   -0.000000    0.000000   -0.000000
H   -0.000000    0.000000   -0.000000
H   -0.000000    0.000000    0.000000
H   -0.000000    0.000000    0.000000
H   -0.000000    0.000000    0.000000
H   -0.000000   -0.000000    0.000000
H    0.000000    0.000000   -0.000000
H   -0.000002    0.000004    0.000001
H    0.000000   -0.000000    0.000000
H    0.000000   -0.000000   -0.000000
