100
TIME:    0.515, STEP:   515
H   -0.000000   -0.000000   -0.000000
H   -0.000000    0.000000   -0.000000
H   -0.000001    0.000001    0.000000
H    0.000001    0.000000    0.000001
H    0.000000    0.000000   -0.000000
H    0.000004   -0.000007    0.000004
H   -0.000094   -0.000007    0.000056
H   -0.000000   -0.000000    0.000000
H   -0.000001    0.000001   -0.000001
H   -0.000000   -0.000000    0.000000
H    0.000000    0.000000    0.000000
H    0.000004   -0.000000    0.000001
H    0.000000   -0.000000   -0.000000
H   -0.000000    0.000000    0.000000
H   -0.000000   -0.000000   -0.000000
H   -0.000000    0.000000    0.000000
H    0.000001   -0.000001    0.000000
H    0.000001   -0.000003   -0.000002
H    0.000000   -0.000000    0.000000
H   -0.000007   -0.000003   -0.000004
H    0.000000    0.000000   -0.000000
H   -0.000000   -0.000000   -0.000000
H    0.000001   -0.000001    0.000006
H    0.000000   -0.000000   -0.000000
H    0.000000   -0.000000    0.000000
H    0.000000   -0.000000    0.000000
H   -0.000000    0.000000    0.000000
H   -0.000000   -0.000000    0.000000
H    0.000090    0.000014   -0.000060
H    0.000000    0.000000    0.000000
H   -0.000000   -0.000000    0.000000
H    0.000000   -0.000000    0.000000
H    0.000000   -0.000000    0.000000
H    0.000000    0.000000   -0.000000
H   -0.000000    0.000000   -0.000000
H    0.000000   -0.000000   -0.000000
H   -0.000000    0.000000   -0.000000
H   -0.000004   -0.000000   -0.000001
H    0.000000    0.000000    0.000000
H   -0.000001    0.000003    0.000002
H    0.000000   -0.000000   -0.000000
H    0.000000   -0.000000   -0.000000
H    0.000000    0.000000    0.000000
H    0.000000   -0.000000    0.000000
H    0.000000    0.000000    0.000000
H    0.000000   -0.000000    0.000000
H   -0.000000   -0.000000    0.000000
H   -0.000000   -0.000000   -0.000000
H   -0.000001    0.000001   -0.000006
H    0.000000    0.000000    0.000000
H    0.000000    0.000000   -0.000000
H    0.000000   -0.000000    0.000000
H   -0.000000   -0.000001   -0.000000
H    0.000000   -0.000000   -0.000000
H    0.000000    0.000000   -0.000000
H   -0.000000    0.000000   -0.000000
H    0.000000   -0.000000   -0.000000
H   -0.000000    0.000000    0.000000
H    0.000000    0.000000   -0.000000
H   -0.000000    0.000000   -0.000000
H    0.000000   -0.000000   -0.000000
H   -0.000000   -0.000000   -0.000000
H    0.000000    0.000000    0.000000
H    0.000000    0.000000   -0.000000
H    0.000077   -0.000061   -0.000014
H    0.000000    0.000000   -0.000000
H   -0.000000    0.000000    0.000000
H   -0.000000    0.000000   -0.000000
H    0.000000    0.000000   -0.000001
H   -0.000000   -0.000000   -0.000000
H   -0.000000    0.000000   -0.000000
H    0.000000   -0.000000   -0.000000
H    0.000007    0.000003    0.000004
H    0.000000    0.000001    0.000000
H    0.000000    0.000000   -0.000000
H    0.000001   -0.000000    0.000001
H   -0.000000   -0.000000   -0.000000
H   -0.000077    0.000061    0.000014
H   -0.000000    0.000001   -0.000001
H   -0.000000   -0.000000    0.000000
H   -0.000000   -0.000000    0.000000
H    0.000000   -0.000000   -0.000000
H   -0.000000    0.000000   -0.000000
H    0.000000   -0.000001    0.000001
H   -0.000000   -0.000000    0.000000
H    0.000000    0.000000   -0.000000
H    0.000000    0.000000    0.000000
H    0.000000    0.000000   -0.000000
H    0.000000   -0.000000   -0.000000
H    0.000000    0.000000    0.000000
H   -0.000000    0.000000   -0.000000
H   -0.000000   -0.000000    0.000000
H   -0.000000   -0.000000   -0.000000
H    0.000000   -0.000000   -0.000000
H   -0.000000    0.000000    0.000000
H   -0.000000    0.000000    0.000000
H    0.000000    0.000000   -0.000000
H   -0.000000    0.000000   -0.000000
H    0.000000   -0.000000    0.000000
H    0.000000   -0.000000   -0.000000
