100
TIME:    0.601, STEP:   601
H   -0.000000   -0.000000   -0.000000
H   -0.000000    0.000000   -0.000000
H   -0.000004   -0.000001    0.000009
H    0.000000    0.000000    0.000000
H    0.000000    0.000001   -0.000000
H    0.000786    0.000360   -0.000221
H   -0.000785   -0.000361    0.000221
H   -0.000000    0.000000    0.000000
H   -0.000000    0.000000   -0.000000
H    0.000000   -0.000000    0.000000
H    0.000000    0.000000    0.000000
H    0.000000   -0.000000    0.000000
H    0.000000   -0.000000   -0.000000
H   -0.000000   -0.000000   -0.000000
H    0.000003    0.000001   -0.000009
H   -0.000000    0.000000    0.000000
H    0.000000   -0.000000   -0.000000
H    0.000000   -0.000000    0.000000
H    0.000000   -0.000000    0.000000
H   -0.000000    0.000000   -0.000000
H   -0.000000    0.000000   -0.000000
H    0.000037    0.000007   -0.000027
H    0.000000   -0.000000    0.000000
H    0.000000   -0.000000   -0.000000
H   -0.000009   -0.000006    0.000006
H   -0.000000   -0.000000    0.000000
H   -0.000000   -0.000000   -0.000000
H   -0.000000   -0.000000   -0.000000
H   -0.000000   -0.000000    0.000001
H   -0.000000   -0.000000    0.000000
H   -0.000000    0.000000   -0.000000
H    0.000009    0.000006   -0.000006
H   -0.000001   -0.000001   -0.000002
H    0.000008    0.000004   -0.000000
H   -0.000000   -0.000000   -0.000000
H   -0.000012    0.000023   -0.000016
H    0.000000   -0.000000    0.000000
H    0.000000   -0.000000   -0.000000
H   -0.000000   -0.000000    0.000000
H    0.000000    0.000000   -0.000000
H    0.000000   -0.000000   -0.000000
H    0.000000    0.000000    0.000000
H    0.000001    0.000002    0.000000
H    0.000000   -0.000000   -0.000000
H    0.000000    0.000000    0.000000
H    0.000000   -0.000000   -0.000000
H   -0.000000    0.000000    0.000000
H   -0.000000    0.000000   -0.000000
H   -0.000000    0.000000   -0.000000
H   -0.000000    0.000000    0.000000
H    0.000000    0.000000   -0.000000
H    0.000000    0.000000   -0.000000
H   -0.000000   -0.000000   -0.000000
H    0.000000    0.000000   -0.000000
H   -0.000000   -0.000000    0.000000
H    0.000000    0.000000   -0.000000
H    0.000000    0.000000   -0.000000
H    0.000000   -0.000000    0.000000
H    0.000000    0.000000   -0.000000
H   -0.000001   -0.000002   -0.000000
H    0.000002   -0.000000   -0.000000
H   -0.000000   -0.000000   -0.000000
H    0.000000    0.000000   -0.000000
H    0.000000   -0.000000    0.000000
H    0.000010   -0.000004   -0.000010
H   -0.000000    0.000000    0.000000
H    0.000000    0.000000    0.000000
H   -0.000000    0.000000   -0.000000
H    0.000000    0.000000   -0.000000
H   -0.000000   -0.000000   -0.000000
H    0.000002    0.000002   -0.000001
H   -0.000000    0.000000    0.000000
H    0.000000    0.000000    0.000000
H    0.000000    0.000000   -0.000000
H   -0.000000   -0.000001    0.000000
H   -0.000000    0.000000    0.000000
H   -0.000000   -0.000000   -0.000000
H   -0.000010    0.000004    0.000010
H   -0.000000   -0.000000    0.000000
H    0.000000    0.000000    0.000000
H    0.000012   -0.000023    0.000016
H   -0.000000   -0.000000   -0.000000
H    0.000000   -0.000000   -0.000000
H   -0.000000   -0.000000   -0.000000
H   -0.000000   -0.000000    0.000000
H   -0.000000   -0.000000   -0.000000
H   -0.000002   -0.000002    0.000001
H    0.000000    0.000000   -0.000000
H    0.000000   -0.000000    0.000000
H    0.000000   -0.000000    0.000000
H    0.000000    0.000000    0.000000
H   -0.000000    0.000000   -0.000000
H   -0.000037   -0.000007    0.000027
H   -0.000002    0.000000    0.000000
H   -0.000000    0.000000    0.000000
H   -0.000000   -0.000000   -0.000000
H    0.000000    0.000000    0.000000
H   -0.000006   -0.000002    0.000002
H    0.000000    0.000000    0.000000
H    0.000000   -0.000000   -0.000000
