200
TIME:    0.604, STEP:   604
H    0.000000    0.000000    0.000000
H    0.000000    0.000000    0.000000
H    0.000000    0.000000    0.000000
H    0.000000    0.000000    0.000000
H    0.000000    0.000000    0.000000
H    0.000000    0.000000    0.000000
H    0.000000    0.000000    0.000000
H    0.000000    0.000000    0.000000
H    0.000000    0.000000    0.000000
H    0.000000    0.000000    0.000000
H    0.000000    0.000000    0.000000
H    0.000000    0.000000    0.000000
H    0.000000    0.000000    0.000000
H    0.000000    0.000000    0.000000
H    0.000000    0.000000    0.000000
H    0.000000    0.000000    0.000000
H    0.000000    0.000000    0.000000
H    0.000000    0.000000    0.000000
H    0.000000    0.000000    0.000000
H    0.000000    0.000000    0.000000
H    0.000000    0.000000    0.000000
H    0.000000    0.000000    0.000000
H    0.000000    0.000000    0.000000
H    0.000000    0.000000    0.000000
H    0.000000    0.000000    0.000000
H    0.000000    0.000000    0.000000
H    0.000000    0.000000    0.000000
H    0.000000    0.000000    0.000000
H    0.000000    0.000000    0.000000
H    0.000000    0.000000    0.000000
H    0.000000    0.000000    0.000000
H    0.000000    0.000000    0.000000
H    0.000000    0.000000    0.000000
H    0.000000    0.000000    0.000000
H    0.000000    0.000000    0.000000
H    0.000000    0.000000    0.000000
H    0.000000    0.000000    0.000000
H    0.000000    0.000000    0.000000
H    0.000000    0.000000    0.000000
H    0.000000    0.000000    0.000000
H    0.000000    0.000000    0.000000
H    0.000000    0.000000    0.000000
H    0.000000    0.000000    0.000000
H    0.000000    0.000000    0.000000
H    0.000000    0.000000    0.000000
H    0.000000    0.000000    0.000000
H    0.000000    0.000000    0.000000
H    0.000000    0.000000    0.000000
H    0.000000    0.000000    0.000000
H    0.000000    0.000000    0.000000
H    0.000000    0.000000    0.000000
H    0.000000    0.000000    0.000000
H    0.000000    0.000000    0.000000
H    0.000000    0.000000    0.000000
H    0.000000    0.000000    0.000000
H    0.000000    0.000000    0.000000
H    0.000000    0.000000    0.000000
H    0.000000    0.000000    0.000000
H    0.000000    0.000000    0.000000
H    0.000000    0.000000    0.000000
H    0.000000    0.000000    0.000000
H    0.000000    0.000000    0.000000
H    0.000000    0.000000    0.000000
H    0.000000    0.000000    0.000000
H    0.000000    0.000000    0.000000
H    0.000000    0.000000    0.000000
H    0.000000    0.000000    0.000000
H    0.000000    0.000000    0.000000
H    0.000000    0.000000    0.000000
H    0.000000    0.000000    0.000000
H    0.000000    0.000000    0.000000
H    0.000000    0.000000    0.000000
H    0.000000    0.000000    0.000000
H    0.000000    0.000000    0.000000
H    0.000000    0.000000    0.000000
H    0.000000    0.000000    0.000000
H    0.000000    0.000000    0.000000
H    0.000000    0.000000    0.000000
H    0.000000    0.000000    0.000000
H    0.000000    0.000000    0.000000
H    0.000000    0.000000    0.000000
H    0.000000    0.000000    0.000000
H    0.000000    0.000000    0.000000
H    0.000000    0.000000    0.000000
H    0.000000    0.000000    0.000000
H    0.000000    0.000000    0.000000
H    0.000000    0.000000    0.000000
H    0.000000    0.000000    0.000000
H    0.000000    0.000000    0.000000
H    0.000000    0.000000    0.000000
H    0.000000    0.000000    0.000000
H    0.000000    0.000000    0.000000
H    0.000000    0.000000    0.000000
H    0.000000    0.000000    0.000000
H    0.000000    0.000000    0.000000
H    0.000977   -0.001082    0.001117
H    0.000000    0.000000    0.000000
H    0.000000    0.000000    0.000000
H    0.000000    0.000000    0.000000
H    0.000000    0.000000    0.000000
H    0.000000    0.000000    0.000000
H    0.000000    0.000000    0.000000
H    0.000000    0.000000    0.000000
H    0.000000    0.000000    0.000000
H    0.000000    0.000000    0.000000
H    0.000000    0.000000    0.000000
H    0.000000    0.000000    0.000000
H    0.000000    0.000000    0.000000
H    0.000000    0.000000    0.000000
H    0.000000    0.000000    0.000000
H    0.000000    0.000000    0.000000
H    0.000000    0.000000    0.000000
H    0.000000    0.000000    0.000000
H    0.000000    0.000000    0.000000
H    0.000000    0.000000    0.000000
H    0.000000    0.000000    0.000000
H    0.000000    0.000000    0.000000
H    0.000000    0.000000    0.000000
H    0.000000    0.000000    0.000000
H    0.000000    0.000000    0.000000
H    0.000000    0.000000    0.000000
H    0.000000    0.000000    0.000000
H    0.000000    0.000000    0.000000
H    0.000000    0.000000    0.000000
H    0.000000    0.000000    0.000000
H    0.000000    0.000000    0.000000
H    0.000000    0.000000    0.000000
H    0.000000    0.000000    0.000000
H    0.000000    0.000000    0.000000
H    0.000000    0.000000    0.000000
H    0.000000    0.000000    0.000000
H    0.000000    0.000000    0.000000
H    0.000000    0.000000    0.000000
H    0.000000    0.000000    0.000000
H    0.000000    0.000000    0.000000
H    0.000000    0.000000    0.000000
H    0.000000    0.000000    0.000000
H    0.000000    0.000000    0.000000
H    0.000000    0.000000    0.000000
H    0.000000    0.000000    0.000000
H    0.000000    0.000000    0.000000
H    0.000000    0.000000    0.000000
H    0.000000    0.000000    0.000000
H    0.000000    0.000000    0.000000
H    0.000000    0.000000    0.000000
H    0.000000    0.000000    0.000000
H    0.000000    0.000000    0.000000
H    0.000000    0.000000    0.000000
H    0.000000    0.000000    0.000000
H    0.000000    0.000000    0.000000
H    0.000000    0.000000    0.000000
H    0.000000    0.000000    0.000000
H    0.000000    0.000000    0.000000
H    0.000000    0.000000    0.000000
H    0.000000    0.000000    0.000000
H    0.000000    0.000000    0.000000
H    0.000000    0.000000    0.000000
H    0.000000    0.000000    0.000000
H    0.000000    0.000000    0.000000
H    0.000000    0.000000    0.000000
H    0.000000    0.000000    0.000000
H    0.000000    0.000000    0.000000
H    0.000000    0.000000    0.000000
H    0.000000    0.000000    0.000000
H   -0.000977    0.001082   -0.001117
H    0.000000    0.000000    0.000000
H    0.000000    0.000000    0.000000
H    0.000000    0.000000    0.000000
H    0.000000    0.000000    0.000000
H    0.000000    0.000000    0.000000
H    0.000000    0.000000    0.000000
H    0.000000    0.000000    0.000000
H    0.000000    0.000000    0.000000
H    0.000000    0.000000    0.000000
H    0.000000    0.000000    0.000000
H    0.000000    0.000000    0.000000
H    0.000000    0.000000    0.000000
H    0.000000    0.000000    0.000000
H    0.000000    0.000000    0.000000
H    0.000000    0.000000    0.000000
H    0.000000    0.000000    0.000000
H    0.000000    0.000000    0.000000
H    0.000000    0.000000    0.000000
H    0.000000    0.000000    0.000000
H    0.000000    0.000000    0.000000
H    0.000000    0.000000    0.000000
H    0.000000    0.000000    0.000000
H    0.000000    0.000000    0.000000
H    0.000000    0.000000    0.000000
H    0.000000    0.000000    0.000000
H    0.000000    0.000000    0.000000
H    0.000000    0.000000    0.000000
H    0.000000    0.000000    0.000000
H    0.000000    0.000000    0.000000
H    0.000000    0.000000    0.000000
H    0.000000    0.000000    0.000000
H    0.000000    0.000000    0.000000
H    0.000000    0.000000    0.000000
H    0.000000    0.000000    0.000000
H    0.000000    0.000000    0.000000
