100
TIME:    0.631, STEP:   631
H   -0.000000   -0.000000   -0.000000
H    0.000000    0.000000   -0.000000
H   -0.000001   -0.000002    0.000001
H    0.000000    0.000000   -0.000000
H    0.000002    0.000003    0.000000
H    0.000076    0.000150   -0.000063
H   -0.000076   -0.000150    0.000063
H   -0.000000    0.000000    0.000000
H   -0.000000   -0.000000   -0.000000
H    0.000000   -0.000000    0.000000
H    0.000000   -0.000000   -0.000000
H    0.000000   -0.000000    0.000000
H    0.000000   -0.000000   -0.000000
H   -0.000000    0.000000   -0.000000
H    0.000001    0.000001   -0.000001
H   -0.000000   -0.000000    0.000000
H   -0.000000    0.000000    0.000000
H    0.000000    0.000000    0.000000
H    0.000000   -0.000000    0.000000
H   -0.000000    0.000000   -0.000000
H   -0.000000    0.000000    0.000000
H    0.000161    0.000086    0.000112
H    0.000000   -0.000000    0.000000
H    0.000000   -0.000000   -0.000000
H   -0.027526   -0.020067   -0.004885
H   -0.000000   -0.000000    0.000000
H   -0.000000   -0.000000   -0.000000
H   -0.000000   -0.000000   -0.000000
H    0.000000   -0.000000    0.000000
H   -0.000000    0.000000    0.000000
H   -0.000131    0.000583   -0.000289
H    0.027526    0.020067    0.004885
H   -0.000000   -0.000000   -0.000000
H    0.000002    0.000002    0.000000
H   -0.000000   -0.000000   -0.000000
H   -0.000064    0.000028   -0.000013
H    0.000131   -0.000583    0.000289
H   -0.000000   -0.000000   -0.000000
H   -0.000001   -0.000000   -0.000000
H    0.000000    0.000000   -0.000000
H    0.000000    0.000000   -0.000000
H    0.000000   -0.000000   -0.000000
H    0.000000    0.000001   -0.000000
H    0.000000    0.000000    0.000000
H    0.000000    0.000000    0.000000
H    0.000000    0.000000    0.000000
H    0.000000    0.000000    0.000000
H   -0.000000    0.000000   -0.000000
H   -0.000000    0.000000   -0.000000
H   -0.000000    0.000000    0.000000
H    0.000000    0.000000   -0.000000
H    0.000000    0.000000   -0.000000
H   -0.000000   -0.000000   -0.000000
H    0.000000    0.000000   -0.000000
H   -0.000000   -0.000000    0.000000
H    0.000000    0.000000   -0.000000
H   -0.000000    0.000000   -0.000000
H    0.000000   -0.000000    0.000000
H   -0.000000    0.000000   -0.000000
H   -0.000000   -0.000000    0.000000
H    0.000000    0.000000    0.000000
H   -0.000000   -0.000000   -0.000000
H    0.000000    0.000000   -0.000000
H   -0.000000   -0.000000    0.000000
H    0.000003   -0.000001   -0.000004
H   -0.000000    0.000000    0.000000
H    0.000000    0.000000    0.000000
H   -0.000000    0.000000    0.000000
H   -0.000000    0.000001   -0.000000
H   -0.000000   -0.000000   -0.000000
H    0.000001    0.000000    0.000000
H    0.000000    0.000000    0.000000
H    0.000000    0.000000    0.000000
H   -0.000000    0.000000   -0.000000
H   -0.000002   -0.000003   -0.000000
H   -0.000000    0.000000    0.000000
H    0.000000   -0.000000   -0.000000
H   -0.000003    0.000001    0.000004
H   -0.000000   -0.000000    0.000000
H    0.000000    0.000000    0.000000
H    0.000064   -0.000028    0.000013
H    0.000000    0.000000   -0.000000
H    0.000000   -0.000000   -0.000000
H   -0.000000   -0.000000    0.000000
H   -0.000000   -0.000000    0.000000
H   -0.000000    0.000000   -0.000000
H   -0.000001   -0.000000    0.000000
H    0.000000    0.000000   -0.000000
H    0.000000   -0.000000    0.000000
H    0.000000   -0.000000   -0.000000
H    0.000000    0.000000    0.000000
H    0.000000    0.000000    0.000000
H   -0.000161   -0.000086   -0.000112
H   -0.000000   -0.000000   -0.000000
H   -0.000000    0.000000    0.000000
H   -0.000000   -0.000000   -0.000000
H    0.000000    0.000000    0.000000
H   -0.000002   -0.000002   -0.000000
H   -0.000000    0.000000    0.000000
H    0.000000   -0.000000   -0.000000
