100
TIME:    0.661, STEP:   661
H   -0.000000   -0.000000   -0.000000
H    0.000000    0.000000   -0.000000
H   -0.000000   -0.000000   -0.000000
H    0.000000    0.000000   -0.000000
H    0.000002    0.000002    0.000002
H    0.000001    0.000013   -0.000005
H   -0.000001   -0.000013    0.000005
H   -0.000000   -0.000000   -0.000000
H   -0.000000    0.000000   -0.000000
H    0.000000   -0.000000    0.000000
H    0.000000   -0.000000   -0.000000
H    0.000000   -0.000000    0.000000
H   -0.000000    0.000000   -0.000000
H   -0.000000    0.000000   -0.000000
H    0.000000   -0.000001   -0.000000
H   -0.000000   -0.000000    0.000000
H   -0.000000    0.000000    0.000000
H    0.000002    0.000001    0.000001
H    0.000000    0.000000    0.000000
H   -0.000000    0.000000   -0.000000
H   -0.000000    0.000000    0.000000
H    0.000001    0.000001    0.000002
H    0.000000   -0.000000    0.000000
H    0.000000    0.000000   -0.000000
H    0.000155    0.000047   -0.000348
H   -0.000000   -0.000000    0.000000
H   -0.000000   -0.000000   -0.000000
H   -0.000000   -0.000000   -0.000000
H    0.000000   -0.000000    0.000000
H   -0.000000    0.000000    0.000000
H    0.000124   -0.000103    0.000393
H   -0.000155   -0.000047    0.000348
H    0.000000    0.000000    0.000000
H    0.000000    0.000000    0.000000
H   -0.000000   -0.000000   -0.000000
H   -0.000008   -0.000000    0.000001
H   -0.000124    0.000103   -0.000393
H   -0.000001    0.000000    0.000000
H   -0.000002   -0.000002   -0.000001
H    0.000000    0.000000   -0.000000
H   -0.000000    0.000000   -0.000000
H   -0.000000   -0.000000    0.000000
H   -0.000000    0.000000   -0.000000
H    0.000000   -0.000000    0.000000
H   -0.000000    0.000000    0.000000
H    0.000000    0.000000    0.000000
H    0.000000    0.000000    0.000000
H   -0.000000    0.000000   -0.000000
H   -0.000000    0.000000   -0.000000
H   -0.000000    0.000000    0.000000
H    0.000000    0.000000   -0.000000
H    0.000000    0.000000   -0.000000
H   -0.000000   -0.000000   -0.000000
H    0.000000    0.000000   -0.000000
H    0.000000   -0.000000    0.000000
H    0.000000    0.000000   -0.000000
H    0.000000   -0.000000    0.000000
H    0.000000   -0.000000    0.000000
H   -0.000000    0.000000   -0.000000
H   -0.000001    0.000000    0.000000
H    0.000000    0.000000   -0.000001
H   -0.000000   -0.000000   -0.000000
H    0.000000    0.000000   -0.000000
H   -0.000000   -0.000000    0.000000
H    0.000001   -0.000000   -0.000001
H   -0.000000    0.000000    0.000000
H   -0.000001   -0.000000    0.000000
H   -0.000000    0.000000    0.000000
H   -0.000000    0.000001   -0.000000
H   -0.000000   -0.000000   -0.000000
H    0.000000   -0.000000    0.000001
H    0.000000    0.000000    0.000000
H   -0.000000    0.000000    0.000000
H    0.000000    0.000000   -0.000000
H   -0.000002   -0.000002   -0.000002
H   -0.000000    0.000000   -0.000000
H    0.000001    0.000000   -0.000000
H   -0.000001    0.000000    0.000002
H   -0.000001   -0.000001    0.000002
H    0.000000    0.000000    0.000000
H    0.000008    0.000000   -0.000001
H    0.000001    0.000001   -0.000002
H    0.000000   -0.000000   -0.000000
H   -0.000000   -0.000000    0.000000
H   -0.000000   -0.000000    0.000000
H   -0.000000    0.000000   -0.000000
H   -0.000000   -0.000000    0.000000
H    0.000000    0.000000   -0.000000
H    0.000000   -0.000000    0.000000
H    0.000001   -0.000000   -0.000000
H    0.000000   -0.000000    0.000000
H    0.000000    0.000000    0.000000
H    0.000000   -0.000001   -0.000002
H    0.000000    0.000000    0.000000
H   -0.000000    0.000000   -0.000000
H   -0.000000   -0.000000   -0.000000
H    0.000000    0.000000    0.000000
H   -0.000000   -0.000000   -0.000000
H   -0.000000    0.000000   -0.000000
H   -0.000000   -0.000000   -0.000000
