100
TIME:    0.649, STEP:   649
H   -0.000000   -0.000000   -0.000000
H    0.000000    0.000000   -0.000000
H   -0.000000   -0.000000    0.000000
H    0.000000    0.000000   -0.000000
H    0.000003    0.000003    0.000002
H    0.000008    0.000034   -0.000013
H   -0.000008   -0.000034    0.000013
H   -0.000000   -0.000000    0.000000
H   -0.000000   -0.000000   -0.000000
H    0.000000   -0.000000    0.000000
H    0.000000   -0.000000   -0.000000
H    0.000000   -0.000000    0.000000
H    0.000000   -0.000000   -0.000000
H   -0.000000    0.000000   -0.000000
H    0.000000   -0.000000   -0.000000
H   -0.000000   -0.000000    0.000000
H   -0.000000    0.000000    0.000000
H    0.000001    0.000001    0.000001
H    0.000000   -0.000000    0.000000
H   -0.000000    0.000000   -0.000000
H   -0.000000    0.000000    0.000000
H    0.000005    0.000004    0.000010
H    0.000000   -0.000000    0.000000
H    0.000000    0.000000   -0.000000
H    0.002175   -0.001441   -0.017033
H   -0.000000   -0.000000    0.000000
H   -0.000000   -0.000000   -0.000000
H   -0.000000   -0.000000   -0.000000
H    0.000000   -0.000000    0.000000
H   -0.000000    0.000000    0.000000
H    0.028221    0.051378    0.109522
H   -0.002175    0.001441    0.017033
H   -0.000000    0.000000    0.000000
H    0.000000    0.000001    0.000000
H   -0.000000   -0.000000   -0.000000
H   -0.000023    0.000003    0.000001
H   -0.028221   -0.051378   -0.109522
H   -0.000000   -0.000000   -0.000000
H   -0.000001   -0.000001   -0.000000
H    0.000000    0.000000   -0.000000
H   -0.000000    0.000000   -0.000000
H    0.000000   -0.000000    0.000000
H   -0.000000    0.000000   -0.000000
H    0.000000    0.000000    0.000000
H    0.000000    0.000000    0.000000
H    0.000000    0.000000    0.000000
H    0.000000    0.000000    0.000000
H   -0.000000    0.000000   -0.000000
H   -0.000000    0.000000   -0.000000
H   -0.000000    0.000000    0.000000
H    0.000000    0.000000   -0.000000
H    0.000000    0.000000   -0.000000
H   -0.000000   -0.000000   -0.000000
H    0.000000    0.000000   -0.000000
H   -0.000000   -0.000000    0.000000
H    0.000000    0.000000   -0.000000
H   -0.000000   -0.000000   -0.000000
H    0.000000   -0.000000    0.000000
H   -0.000000    0.000000   -0.000000
H   -0.000000    0.000000    0.000000
H    0.000000    0.000000   -0.000000
H   -0.000000   -0.000000   -0.000000
H    0.000000    0.000000   -0.000000
H   -0.000000   -0.000000    0.000000
H    0.000002   -0.000000   -0.000002
H   -0.000000    0.000000    0.000000
H   -0.000000    0.000000    0.000000
H   -0.000000    0.000000    0.000000
H   -0.000000    0.000001   -0.000000
H   -0.000000   -0.000000   -0.000000
H    0.000000    0.000000    0.000000
H    0.000000    0.000000    0.000000
H   -0.000000    0.000000    0.000000
H   -0.000000    0.000000   -0.000000
H   -0.000003   -0.000003   -0.000002
H   -0.000000    0.000000   -0.000000
H    0.000000    0.000000   -0.000000
H   -0.000002    0.000000    0.000002
H   -0.000000   -0.000000    0.000001
H    0.000000    0.000000    0.000000
H    0.000023   -0.000003   -0.000001
H    0.000000    0.000000   -0.000001
H    0.000000   -0.000000   -0.000000
H   -0.000000   -0.000000    0.000000
H   -0.000000   -0.000000    0.000000
H   -0.000000    0.000000   -0.000000
H   -0.000000   -0.000000    0.000000
H    0.000000    0.000000   -0.000000
H    0.000000   -0.000000    0.000000
H    0.000000   -0.000000   -0.000000
H    0.000000    0.000000    0.000000
H    0.000000    0.000000    0.000000
H   -0.000005   -0.000004   -0.000010
H   -0.000000    0.000000   -0.000000
H   -0.000000    0.000000    0.000000
H   -0.000000   -0.000000   -0.000000
H    0.000000    0.000000    0.000000
H   -0.000000   -0.000001   -0.000000
H   -0.000000    0.000000   -0.000000
H   -0.000000   -0.000000   -0.000000
