100
TIME:    0.741, STEP:   741
H    0.000000   -0.000000   -0.000000
H   -0.000000    0.000000   -0.000000
H   -0.000000   -0.000000   -0.000000
H   -0.000000    0.000000   -0.000000
H    0.000000   -0.000000    0.000000
H   -0.000001    0.000001    0.000001
H   -0.000000   -0.000000   -0.000000
H    0.000000   -0.000001   -0.000000
H   -0.000000    0.000000   -0.000000
H    0.000000    0.000000    0.000000
H    0.000000    0.000000   -0.000000
H    0.000000    0.000000    0.000000
H    0.000000    0.000000    0.000000
H    0.000000    0.000000    0.000000
H    0.000015   -0.000007    0.000020
H    0.000000   -0.000000    0.000000
H   -0.000000   -0.000000   -0.000000
H    0.000308   -0.000097    0.000482
H    0.000000    0.000000   -0.000000
H   -0.000000    0.000000   -0.000000
H   -0.000000    0.000000    0.000000
H   -0.000000    0.000000   -0.000000
H    0.000000    0.000000   -0.000000
H   -0.000000    0.000000   -0.000000
H    0.000001   -0.000001    0.000000
H    0.000000   -0.000000    0.000000
H   -0.000000   -0.000000    0.000000
H   -0.000000   -0.000000   -0.000000
H   -0.000000   -0.000000   -0.000000
H   -0.000000   -0.000000   -0.000000
H    0.000000    0.000000    0.000000
H    0.000000   -0.000000    0.000000
H    0.000000    0.000000   -0.000000
H    0.000000    0.000000    0.000000
H   -0.000003   -0.000005   -0.000019
H   -0.000000   -0.000000    0.000000
H    0.000000   -0.000000   -0.000000
H   -0.000008    0.000057    0.000020
H   -0.000000   -0.000006    0.000003
H    0.000000    0.000000    0.000000
H   -0.000000    0.000000    0.000000
H   -0.000000    0.000001    0.000000
H    0.000000   -0.000000    0.000000
H   -0.000000   -0.000000    0.000000
H   -0.000014    0.000005   -0.000021
H    0.000000    0.000000    0.000000
H   -0.000000    0.000000   -0.000001
H   -0.000000    0.000000   -0.000000
H   -0.000000   -0.000000    0.000000
H   -0.000000    0.000000   -0.000000
H   -0.000000   -0.000000   -0.000000
H    0.000000    0.000000   -0.000000
H    0.000000   -0.000000   -0.000000
H    0.000001    0.000004    0.000000
H    0.000000    0.000000    0.000000
H    0.000000    0.000000   -0.000000
H    0.000000   -0.000000    0.000001
H    0.000000   -0.000000    0.000000
H    0.000000    0.000000    0.000000
H    0.000000   -0.000000   -0.000000
H   -0.000001    0.000000   -0.000000
H   -0.000000   -0.000000   -0.000000
H   -0.000001    0.000000   -0.000001
H   -0.000000   -0.000000   -0.000000
H    0.000001    0.000001    0.000019
H    0.000000    0.000000    0.000000
H    0.000000   -0.000000    0.000000
H    0.000008    0.000004    0.000004
H   -0.000001    0.000002    0.000001
H   -0.000000   -0.000000    0.000000
H    0.000001   -0.000000    0.000000
H   -0.000000   -0.000000    0.000000
H   -0.000000   -0.000000    0.000000
H    0.000001   -0.000000   -0.000001
H   -0.000000   -0.000000   -0.000000
H   -0.000000   -0.000000    0.000000
H   -0.000008   -0.000004   -0.000004
H   -0.000000   -0.000000    0.000000
H   -0.000341   -0.004411   -0.002017
H   -0.000000    0.000000   -0.000000
H    0.000000    0.000000   -0.000000
H    0.000341    0.004411    0.002017
H   -0.000000   -0.000000    0.000000
H   -0.000000   -0.000000    0.000000
H    0.000000    0.000000   -0.000000
H   -0.000000    0.000000   -0.000000
H   -0.000000   -0.000000   -0.000000
H    0.000000   -0.000000   -0.000000
H    0.000000   -0.000000    0.000000
H    0.000000    0.000000   -0.000000
H    0.000000   -0.000000    0.000000
H    0.000000   -0.000000    0.000000
H    0.000008   -0.000057   -0.000020
H   -0.000307    0.000102   -0.000484
H   -0.000000    0.000000   -0.000000
H   -0.000000    0.000000    0.000000
H   -0.000000   -0.000000    0.000000
H   -0.000001    0.000001   -0.000000
H   -0.000000    0.000000    0.000000
H    0.000000   -0.000000   -0.000000
