100
TIME:    0.754, STEP:   754
H    0.000000   -0.000000   -0.000000
H   -0.000000    0.000000   -0.000000
H   -0.000000   -0.000000   -0.000000
H   -0.000000    0.000000   -0.000000
H    0.000000   -0.000000    0.000000
H   -0.000005    0.000003    0.000010
H   -0.000000   -0.000000   -0.000000
H    0.000000   -0.000001   -0.000000
H   -0.000000    0.000000    0.000000
H    0.000000    0.000000    0.000000
H    0.000000    0.000000   -0.000000
H    0.000000    0.000000    0.000000
H    0.000000    0.000000   -0.000000
H   -0.000000    0.000000    0.000000
H    0.000003   -0.000001    0.000008
H    0.000000   -0.000000    0.000000
H   -0.000000   -0.000000   -0.000000
H    0.000020    0.000008    0.000028
H    0.000000    0.000000   -0.000000
H   -0.000000    0.000000   -0.000000
H   -0.000000    0.000000    0.000000
H   -0.000000    0.000000   -0.000000
H    0.000000    0.000000   -0.000000
H   -0.000000    0.000000   -0.000000
H    0.000001   -0.000001    0.000000
H    0.000000   -0.000000    0.000000
H   -0.000000   -0.000000    0.000000
H    0.000000    0.000000    0.000000
H   -0.000000   -0.000000   -0.000000
H   -0.000000   -0.000000   -0.000000
H    0.000000    0.000000    0.000000
H    0.000000    0.000000   -0.000000
H   -0.000000    0.000000   -0.000000
H    0.000000    0.000000    0.000000
H    0.000001   -0.000009   -0.000035
H   -0.000000   -0.000000    0.000000
H    0.000000   -0.000000   -0.000000
H    0.000003    0.000024    0.000008
H    0.000000   -0.000003    0.000002
H    0.000000    0.000000    0.000000
H   -0.000000    0.000000    0.000000
H   -0.000000    0.000001    0.000000
H    0.000000   -0.000000    0.000000
H   -0.000001    0.000000    0.000001
H   -0.000002    0.000001   -0.000008
H    0.000000    0.000000    0.000000
H   -0.000000    0.000001   -0.000005
H   -0.000000    0.000000   -0.000000
H   -0.000000   -0.000000    0.000000
H   -0.000000    0.000000   -0.000000
H   -0.000000   -0.000000   -0.000000
H    0.000000    0.000000   -0.000000
H    0.000001   -0.000000   -0.000001
H    0.000003    0.000006    0.000001
H    0.000000    0.000000    0.000000
H    0.000000    0.000000   -0.000000
H    0.000000   -0.000001    0.000005
H    0.000000   -0.000000    0.000000
H    0.000000   -0.000000    0.000000
H    0.000000   -0.000000   -0.000000
H   -0.000000    0.000000   -0.000000
H   -0.000000   -0.000000   -0.000000
H   -0.000002    0.000001   -0.000001
H   -0.000000   -0.000000   -0.000000
H   -0.000004    0.000004    0.000034
H    0.000000    0.000000    0.000000
H    0.000000   -0.000000   -0.000000
H    0.000003    0.000000    0.000001
H   -0.000001    0.000001    0.000000
H    0.000000    0.000000    0.000000
H    0.000000   -0.000000    0.000000
H   -0.000000   -0.000000    0.000000
H   -0.000000   -0.000000    0.000000
H    0.000005   -0.000002   -0.000010
H    0.000000    0.000000   -0.000000
H   -0.000000   -0.000000    0.000000
H   -0.000003   -0.000000   -0.000001
H   -0.000000   -0.000000    0.000000
H    0.000057   -0.000700   -0.000739
H   -0.000000    0.000000   -0.000000
H   -0.000000   -0.000000    0.000000
H   -0.000057    0.000700    0.000739
H   -0.000000   -0.000000    0.000000
H    0.000000   -0.000000    0.000000
H    0.000000    0.000000   -0.000000
H   -0.000000    0.000000   -0.000000
H   -0.000000   -0.000000   -0.000000
H    0.000000   -0.000000   -0.000000
H    0.000000   -0.000000    0.000000
H    0.000000    0.000000   -0.000000
H    0.000000    0.000000   -0.000000
H    0.000000   -0.000000    0.000000
H   -0.000004   -0.000024   -0.000007
H   -0.000018   -0.000007   -0.000028
H    0.000000   -0.000000   -0.000000
H   -0.000000    0.000000    0.000000
H   -0.000000   -0.000000    0.000000
H   -0.000001    0.000001   -0.000000
H   -0.000000    0.000000    0.000000
H    0.000000   -0.000000   -0.000000
