100
TIME:    0.887, STEP:   887
H    0.000000    0.000000    0.000000
H    0.000000   -0.000000   -0.000000
H    0.000000    0.000000   -0.000000
H   -0.000000   -0.000000    0.000000
H    0.000000   -0.000000    0.000000
H   -0.000000   -0.000000   -0.000000
H   -0.000000    0.000000    0.000000
H   -0.000000    0.000000    0.000000
H   -0.000000   -0.000000    0.000000
H    0.000000    0.000000    0.000000
H   -0.000000   -0.000000    0.000000
H   -0.000000   -0.000000    0.000000
H    0.000000   -0.000000   -0.000000
H    0.000000   -0.000000    0.000000
H    0.000000   -0.000000   -0.000000
H   -0.000000    0.000000    0.000000
H   -0.000000    0.000000   -0.000000
H    0.000000   -0.000000   -0.000000
H    0.000000   -0.000000    0.000000
H   -0.000117    0.000310    0.000143
H    0.000000   -0.000000   -0.000000
H    0.000001    0.000001    0.000000
H    0.000000    0.000000   -0.000000
H    0.000000   -0.000000    0.000000
H    0.000000    0.000000   -0.000000
H    0.000000   -0.000000   -0.000000
H   -0.000000   -0.000000    0.000000
H    0.000001   -0.000002   -0.000002
H   -0.000001   -0.000000    0.000000
H    0.000000   -0.000000   -0.000000
H    0.000000    0.000000   -0.000000
H    0.000001    0.000000   -0.000000
H   -0.000000   -0.000000   -0.000000
H   -0.000000    0.000000   -0.000000
H    0.000000   -0.000000   -0.000001
H   -0.000000   -0.000000   -0.000000
H    0.000000    0.000000    0.000000
H    0.000000    0.000000   -0.000000
H    0.000000    0.000000    0.000000
H   -0.000000   -0.000000    0.000000
H   -0.000001    0.000008    0.000000
H   -0.000001   -0.000001   -0.000000
H   -0.000000   -0.000000   -0.000000
H    0.000000    0.000000   -0.000000
H    0.000000    0.000000    0.000000
H   -0.000000    0.000000   -0.000000
H   -0.000004   -0.000011    0.000020
H   -0.000000    0.000000    0.000000
H    0.000011   -0.000010    0.000010
H    0.000000    0.000000   -0.000000
H    0.000000    0.000000    0.000000
H    0.000000   -0.000000    0.000000
H   -0.000000    0.000000    0.000000
H    0.000000   -0.000000    0.000001
H    0.000000   -0.000000    0.000000
H    0.000000    0.000000   -0.000000
H    0.000000   -0.000003    0.000002
H   -0.000001    0.000002    0.000002
H   -0.000000   -0.000000   -0.000000
H    0.000000    0.000000    0.000000
H    0.000000   -0.000000   -0.000000
H   -0.000001    0.000000   -0.000001
H   -0.000000   -0.000000   -0.000000
H    0.000000    0.000000    0.000000
H    0.000116   -0.000310   -0.000143
H    0.000003   -0.000012    0.000003
H    0.000000   -0.000000   -0.000000
H   -0.000000    0.000000    0.000000
H   -0.000000    0.000000    0.000000
H   -0.000003    0.000012   -0.000003
H   -0.000000    0.000000   -0.000000
H   -0.000000    0.000000    0.000000
H   -0.000015   -0.000004   -0.000015
H    0.000000    0.000000    0.000000
H    0.000000   -0.000000   -0.000000
H    0.000002    0.000002    0.000002
H    0.000000    0.000000    0.000000
H    0.000001   -0.000008   -0.000000
H    0.000000    0.000000   -0.000000
H   -0.000003    0.000003   -0.000004
H    0.000000    0.000000    0.000000
H   -0.000000   -0.000000   -0.000000
H    0.000000    0.000000   -0.000000
H    0.000000    0.000000   -0.000000
H    0.000000    0.000000    0.000000
H    0.000000   -0.000000    0.000000
H   -0.000000   -0.000000    0.000000
H   -0.000000    0.000000   -0.000000
H   -0.000000    0.000000    0.000000
H   -0.000000    0.000000    0.000000
H    0.000001   -0.000000    0.000001
H   -0.000000    0.000000   -0.000000
H   -0.000000    0.000000   -0.000000
H    0.000000   -0.000000    0.000000
H    0.000019    0.000013   -0.000005
H   -0.000000   -0.000000    0.000000
H   -0.000000   -0.000000   -0.000000
H   -0.000000    0.000000    0.000000
H   -0.000000   -0.000000   -0.000000
H   -0.000011    0.000010   -0.000010
