100
TIME:    0.841, STEP:   841
H    0.000000   -0.000000   -0.000000
H   -0.000000   -0.000000   -0.000000
H   -0.000000    0.000000   -0.000000
H   -0.000000   -0.000000    0.000000
H    0.000000   -0.000000    0.000000
H   -0.000001   -0.000002    0.000002
H   -0.000000    0.000000   -0.000000
H   -0.000001    0.000001    0.000001
H   -0.000000   -0.000000    0.000000
H    0.000000    0.000000    0.000000
H   -0.000002    0.000000    0.000001
H   -0.000000    0.000000    0.000000
H    0.000000    0.000000    0.000000
H   -0.000000   -0.000000    0.000000
H    0.000000   -0.000000   -0.000000
H    0.000000    0.000000    0.000000
H   -0.000000    0.000000   -0.000000
H    0.000000   -0.000000   -0.000000
H    0.000000   -0.000000    0.000000
H   -0.000002    0.000002    0.000000
H    0.000000   -0.000000   -0.000000
H   -0.000106    0.000087   -0.000171
H    0.000000    0.000000   -0.000000
H    0.000106   -0.000087    0.000171
H    0.000000    0.000000    0.000000
H    0.000000   -0.000000   -0.000000
H   -0.000000   -0.000000   -0.000000
H    0.000148    0.000154   -0.000210
H   -0.000000    0.000000    0.000000
H    0.000000   -0.000000   -0.000000
H   -0.000000   -0.000000    0.000000
H    0.000000   -0.000000   -0.000000
H   -0.000000   -0.000000   -0.000000
H   -0.000000   -0.000000    0.000000
H    0.000006   -0.000002   -0.000004
H   -0.000000   -0.000000    0.000000
H    0.000000    0.000000    0.000000
H    0.000000    0.000001   -0.000001
H    0.000001    0.000001    0.000000
H   -0.000000   -0.000000    0.000000
H   -0.000000    0.000000    0.000000
H   -0.000000    0.000000    0.000000
H   -0.000001   -0.000001   -0.000000
H    0.000000    0.000000   -0.000001
H    0.000000    0.000000   -0.000000
H   -0.000000    0.000000   -0.000000
H   -0.000048    0.000058    0.000011
H   -0.000000    0.000000   -0.000000
H    0.000000   -0.000001    0.000001
H    0.000000    0.000000   -0.000000
H    0.000000    0.000000    0.000000
H    0.000000    0.000000   -0.000000
H   -0.000000    0.000000    0.000001
H    0.000001    0.000000    0.000002
H    0.000000   -0.000000   -0.000000
H    0.000000    0.000000   -0.000000
H   -0.000004   -0.000002    0.000001
H   -0.000148   -0.000154    0.000210
H   -0.000001    0.000000   -0.000001
H    0.000000    0.000000   -0.000000
H   -0.000000   -0.000000    0.000000
H   -0.000000   -0.000000   -0.000000
H   -0.000000   -0.000001    0.000001
H    0.000000    0.000000    0.000000
H   -0.000005   -0.000001    0.000002
H    0.000000   -0.000000    0.000000
H    0.000000   -0.000000   -0.000000
H   -0.000000    0.000000    0.000000
H   -0.000000    0.000000    0.000000
H    0.000000    0.000000   -0.000000
H   -0.000000    0.000000   -0.000000
H    0.000000    0.000000    0.000000
H    0.000000   -0.000000    0.000001
H    0.000000    0.000000    0.000000
H    0.000000   -0.000000   -0.000000
H    0.000003    0.000003   -0.000003
H    0.000000   -0.000000    0.000000
H    0.000000   -0.000000    0.000000
H    0.000000   -0.000000   -0.000000
H   -0.000000    0.000000   -0.000000
H   -0.000000   -0.000000   -0.000000
H   -0.000000    0.000000    0.000000
H    0.000000    0.000000   -0.000000
H    0.000000    0.000000    0.000000
H    0.000002    0.000002   -0.000003
H    0.000000    0.000000   -0.000000
H   -0.000000    0.000000    0.000000
H   -0.000000    0.000000   -0.000000
H    0.000000    0.000000    0.000000
H   -0.000000    0.000000    0.000000
H    0.000000    0.000000    0.000000
H    0.000000   -0.000000   -0.000000
H   -0.000000   -0.000000   -0.000000
H    0.000000   -0.000000   -0.000000
H    0.000050   -0.000060   -0.000010
H   -0.000000   -0.000000    0.000000
H   -0.000000   -0.000000    0.000000
H   -0.000000   -0.000000    0.000000
H   -0.000000   -0.000000   -0.000000
H   -0.000000    0.000001   -0.000001
