100
TIME:    0.994, STEP:   994
H    0.000000    0.000000    0.000000
H    0.000000   -0.000000   -0.000000
H   -0.000000    0.000000   -0.000001
H   -0.000000   -0.000000    0.000000
H   -0.000000    0.000000    0.000000
H    0.000001   -0.000001   -0.000001
H    0.000000    0.000000    0.000000
H    0.000000   -0.000000    0.000000
H   -0.000000   -0.000000   -0.000000
H    0.000000   -0.000000    0.000000
H   -0.000000   -0.000000   -0.000000
H   -0.000000    0.000000   -0.000000
H   -0.000001   -0.000000   -0.000002
H   -0.000000    0.000000    0.000000
H    0.000000   -0.000000   -0.000000
H    0.000016    0.000004    0.000017
H   -0.000000   -0.000001    0.000000
H    0.000000   -0.000000    0.000000
H    0.000001   -0.000000    0.000000
H   -0.000011   -0.000066    0.000076
H    0.000001   -0.000001   -0.000000
H   -0.000000    0.000000    0.000000
H   -0.000000   -0.000000   -0.000000
H    0.000000   -0.000000    0.000000
H    0.000000   -0.000000   -0.000001
H    0.000001    0.000000    0.000000
H    0.000001    0.000000    0.000002
H    0.000013   -0.000036    0.000000
H   -0.000001    0.000002    0.000000
H    0.000000    0.000001    0.000000
H    0.000003   -0.000016   -0.000002
H    0.000000    0.000000    0.000000
H    0.000000    0.000000    0.000001
H   -0.000000   -0.000000   -0.000000
H   -0.000035   -0.000007    0.000025
H   -0.000000    0.000000   -0.000000
H   -0.000000    0.000000    0.000000
H   -0.000000    0.000000    0.000000
H   -0.000000   -0.000000   -0.000000
H   -0.000001    0.000000   -0.000000
H    0.000000   -0.000000    0.000000
H   -0.000000    0.000000   -0.000000
H    0.000000   -0.000000   -0.000000
H   -0.000010    0.000001   -0.000002
H   -0.000000   -0.000000   -0.000000
H    0.000017    0.000065   -0.000074
H   -0.000000   -0.000000   -0.000000
H   -0.000003    0.000016    0.000002
H    0.000001    0.000000    0.000000
H    0.000000   -0.000000   -0.000000
H   -0.000000   -0.000001   -0.000000
H   -0.000000   -0.000000    0.000000
H   -0.000000    0.000000   -0.000000
H    0.000000   -0.000000    0.000000
H   -0.000003   -0.000003   -0.000000
H    0.000000    0.000000   -0.000000
H   -0.000000    0.000000    0.000000
H    0.000036    0.000007   -0.000025
H    0.000000    0.000000    0.000000
H    0.000000    0.000000    0.000001
H    0.000000    0.000000    0.000000
H   -0.000002    0.000006    0.000000
H    0.000000    0.000001   -0.000000
H    0.000003    0.000002    0.000002
H   -0.000007    0.000001   -0.000002
H    0.000000    0.000000   -0.000000
H    0.000000   -0.000000   -0.000000
H   -0.000000    0.000000    0.000000
H   -0.000000    0.000000    0.000000
H   -0.000014    0.000035   -0.000001
H    0.000000   -0.000000    0.000000
H   -0.000000   -0.000000   -0.000000
H    0.000000   -0.000000   -0.000000
H   -0.000000    0.000000    0.000001
H    0.000010   -0.000001    0.000002
H   -0.000000    0.000000    0.000000
H    0.000003    0.000003    0.000000
H   -0.000000    0.000000   -0.000000
H   -0.000001    0.000001    0.000000
H    0.000000   -0.000000    0.000000
H   -0.000000   -0.000000   -0.000000
H   -0.000003   -0.000002   -0.000002
H    0.000000   -0.000000   -0.000000
H   -0.000001    0.000001    0.000001
H    0.000000   -0.000000   -0.000001
H    0.000001   -0.000002   -0.000000
H    0.000000    0.000000   -0.000000
H    0.000000   -0.000000   -0.000000
H   -0.000000   -0.000000   -0.000000
H   -0.000000    0.000000   -0.000000
H   -0.000014   -0.000010   -0.000017
H    0.000000   -0.000000   -0.000000
H   -0.000000    0.000000    0.000000
H    0.000000    0.000000   -0.000000
H    0.000000    0.000000   -0.000000
H   -0.000000   -0.000000    0.000000
H   -0.000000    0.000000    0.000000
H    0.000000    0.000000   -0.000000
H   -0.000000   -0.000000   -0.000000
H   -0.000001   -0.000001    0.000001
