100
TIME:    0.910, STEP:   910
H   -0.000000    0.000000    0.000000
H    0.000000   -0.000000   -0.000000
H    0.000000    0.000000   -0.000000
H   -0.000000   -0.000000   -0.000000
H   -0.000000    0.000000   -0.000000
H   -0.000000   -0.000000   -0.000000
H   -0.000000    0.000000    0.000000
H   -0.000000   -0.000000    0.000000
H   -0.000000   -0.000000    0.000000
H    0.000000    0.000000    0.000000
H   -0.000000   -0.000000   -0.000000
H   -0.000000   -0.000000    0.000000
H   -0.000000   -0.000000   -0.000000
H   -0.000000   -0.000000    0.000000
H    0.000000   -0.000000   -0.000000
H   -0.000000   -0.000000   -0.000000
H    0.000000    0.000000   -0.000000
H    0.000000   -0.000000   -0.000000
H    0.000000   -0.000000    0.000000
H    0.000381    0.001871    0.002129
H    0.000000    0.000000   -0.000000
H    0.000000    0.000001    0.000001
H    0.000000    0.000000   -0.000000
H   -0.000000   -0.000000   -0.000000
H    0.000000   -0.000000   -0.000000
H    0.000005   -0.000006   -0.000006
H   -0.000000    0.000000    0.000000
H   -0.000001   -0.000000    0.000000
H   -0.000001   -0.000000    0.000000
H    0.000000   -0.000000   -0.000000
H    0.000000    0.000000   -0.000000
H    0.000001    0.000000   -0.000000
H    0.000000   -0.000000    0.000000
H   -0.000000    0.000000    0.000000
H    0.000000    0.000000   -0.000000
H   -0.000000   -0.000000   -0.000000
H   -0.000000    0.000000    0.000000
H    0.000000    0.000000   -0.000000
H    0.000000    0.000000    0.000000
H   -0.000000   -0.000000    0.000001
H    0.000040    0.000100    0.000023
H    0.000000   -0.000000   -0.000001
H   -0.000000   -0.000000   -0.000000
H    0.000000    0.000000   -0.000000
H    0.000000    0.000000    0.000000
H    0.000000    0.000000   -0.000000
H    0.000105   -0.000076    0.000158
H   -0.000000   -0.000000    0.000000
H    0.000039   -0.000017    0.000018
H    0.000000    0.000000   -0.000000
H    0.000000   -0.000000   -0.000000
H   -0.000000   -0.000000    0.000000
H   -0.000000    0.000000   -0.000000
H    0.000000   -0.000000    0.000001
H    0.000000   -0.000000    0.000000
H    0.000000    0.000000   -0.000000
H    0.000047   -0.000173    0.000007
H   -0.000000    0.000000   -0.000000
H   -0.000000   -0.000000   -0.000000
H    0.000000    0.000000   -0.000000
H    0.000000   -0.000000   -0.000000
H   -0.000006    0.000003   -0.000002
H   -0.000000   -0.000000   -0.000000
H    0.000000    0.000000    0.000000
H   -0.000381   -0.001872   -0.002128
H    0.000044   -0.000042    0.000005
H    0.000000   -0.000000   -0.000000
H   -0.000000    0.000000    0.000000
H   -0.000000    0.000000    0.000000
H   -0.000049    0.000048    0.000002
H    0.000000    0.000000   -0.000000
H   -0.000000   -0.000000    0.000000
H   -0.000107    0.000073   -0.000159
H   -0.000000    0.000000    0.000000
H    0.000000   -0.000000   -0.000000
H   -0.000003    0.000003    0.000001
H    0.000000    0.000000    0.000000
H   -0.000040   -0.000100   -0.000023
H    0.000000    0.000000   -0.000000
H   -0.000048    0.000172   -0.000007
H    0.000000    0.000000    0.000000
H   -0.000000   -0.000000   -0.000000
H    0.000000    0.000000   -0.000001
H    0.000000    0.000000   -0.000000
H    0.000000    0.000000   -0.000000
H    0.000000   -0.000000    0.000000
H   -0.000000   -0.000000    0.000000
H   -0.000000    0.000000    0.000000
H   -0.000000    0.000000   -0.000000
H   -0.000000    0.000000    0.000000
H    0.000006   -0.000003    0.000002
H    0.000000   -0.000000   -0.000000
H   -0.000000    0.000000    0.000000
H    0.000000   -0.000000    0.000000
H    0.000004    0.000000   -0.000001
H   -0.000000   -0.000000    0.000000
H   -0.000000    0.000000   -0.000000
H    0.000000    0.000000    0.000000
H   -0.000000   -0.000000   -0.000000
H   -0.000039    0.000017   -0.000018
