100
TIME:    0.903, STEP:   903
H   -0.000000    0.000000    0.000000
H    0.000000   -0.000000   -0.000000
H    0.000000    0.000000   -0.000000
H   -0.000000   -0.000000    0.000000
H   -0.000000    0.000000   -0.000000
H   -0.000000   -0.000000   -0.000000
H   -0.000000    0.000000    0.000000
H   -0.000000   -0.000000    0.000000
H   -0.000000   -0.000000    0.000000
H    0.000000    0.000000    0.000000
H   -0.000000   -0.000000    0.000000
H   -0.000000   -0.000000    0.000000
H   -0.000000   -0.000000   -0.000000
H    0.000000   -0.000000    0.000000
H    0.000000   -0.000000   -0.000000
H   -0.000000   -0.000000   -0.000000
H    0.000000    0.000000   -0.000000
H    0.000000   -0.000000   -0.000000
H    0.000000   -0.000000    0.000000
H   -0.000074    0.001494    0.001259
H    0.000000    0.000000   -0.000000
H    0.000000    0.000002    0.000001
H    0.000000    0.000000   -0.000000
H    0.000000   -0.000000   -0.000000
H    0.000000   -0.000000   -0.000000
H    0.000002   -0.000002   -0.000003
H   -0.000000   -0.000000    0.000000
H   -0.000000   -0.000000   -0.000000
H   -0.000001   -0.000000    0.000000
H    0.000000   -0.000000   -0.000000
H    0.000000    0.000000   -0.000000
H    0.000001    0.000000   -0.000000
H    0.000000   -0.000000    0.000000
H   -0.000000    0.000000    0.000000
H    0.000000    0.000000   -0.000001
H   -0.000000   -0.000000   -0.000000
H    0.000000    0.000000    0.000000
H    0.000000    0.000000   -0.000000
H    0.000000    0.000000    0.000000
H   -0.000000   -0.000000    0.000000
H    0.000009    0.000057    0.000008
H   -0.000000   -0.000001   -0.000001
H   -0.000000   -0.000000   -0.000000
H    0.000000    0.000000   -0.000000
H    0.000000    0.000000    0.000000
H    0.000000    0.000000   -0.000000
H    0.000073   -0.000023    0.000096
H   -0.000000   -0.000000    0.000000
H    0.000029   -0.000017    0.000018
H    0.000000    0.000000   -0.000000
H    0.000000   -0.000000   -0.000000
H   -0.000000   -0.000000    0.000000
H   -0.000000    0.000000   -0.000000
H    0.000000   -0.000000    0.000001
H    0.000000   -0.000000    0.000000
H    0.000000    0.000000   -0.000000
H    0.000042   -0.000083    0.000032
H   -0.000000    0.000000    0.000000
H   -0.000000   -0.000000   -0.000000
H    0.000000    0.000000    0.000000
H    0.000000   -0.000000   -0.000000
H   -0.000004    0.000002   -0.000001
H   -0.000000   -0.000000   -0.000000
H    0.000000    0.000000    0.000000
H    0.000073   -0.001494   -0.001259
H    0.000028   -0.000041    0.000006
H    0.000000   -0.000000   -0.000000
H   -0.000000    0.000000    0.000000
H   -0.000000    0.000000    0.000000
H   -0.000030    0.000044   -0.000004
H   -0.000000    0.000000   -0.000000
H   -0.000000    0.000000    0.000000
H   -0.000076    0.000020   -0.000096
H    0.000000    0.000000    0.000000
H    0.000000   -0.000000   -0.000000
H   -0.000002    0.000003    0.000001
H    0.000000    0.000000    0.000000
H   -0.000009   -0.000057   -0.000008
H    0.000000    0.000000   -0.000000
H   -0.000042    0.000083   -0.000032
H    0.000000    0.000000    0.000000
H   -0.000000   -0.000000   -0.000000
H    0.000000    0.000000   -0.000000
H    0.000000    0.000000   -0.000000
H    0.000000    0.000000   -0.000000
H    0.000000   -0.000000    0.000000
H   -0.000000   -0.000000    0.000000
H   -0.000000    0.000000    0.000000
H   -0.000000    0.000000   -0.000000
H   -0.000000    0.000000    0.000000
H    0.000004   -0.000002    0.000001
H    0.000000    0.000000   -0.000000
H   -0.000000    0.000000    0.000000
H    0.000000   -0.000000    0.000000
H    0.000005    0.000001   -0.000001
H   -0.000000   -0.000000    0.000000
H   -0.000000    0.000000   -0.000000
H    0.000000    0.000000    0.000000
H   -0.000000   -0.000000   -0.000000
H   -0.000029    0.000017   -0.000018
