100
TIME:    0.976, STEP:   976
H    0.000000    0.000000    0.000000
H    0.000000   -0.000000    0.000000
H   -0.000000    0.000000   -0.000000
H   -0.000000   -0.000000   -0.000000
H   -0.000000    0.000000   -0.000000
H    0.000005   -0.000005   -0.000001
H    0.000000    0.000000    0.000000
H    0.000000   -0.000000    0.000000
H   -0.000000   -0.000000   -0.000000
H    0.000000   -0.000000    0.000000
H   -0.000000   -0.000000   -0.000000
H   -0.000000    0.000000   -0.000000
H   -0.000000   -0.000000   -0.000000
H   -0.000000    0.000000    0.000000
H    0.000000   -0.000000   -0.000000
H    0.002732   -0.000644    0.003317
H   -0.000000   -0.000000    0.000000
H    0.000000   -0.000000    0.000000
H    0.000000    0.000000    0.000000
H    0.000003   -0.000012    0.000016
H    0.000000   -0.000001   -0.000000
H   -0.000000    0.000000    0.000000
H   -0.000000   -0.000000   -0.000000
H    0.000000   -0.000000    0.000000
H    0.000000   -0.000000   -0.000000
H    0.000002   -0.000001    0.000002
H    0.000000    0.000000    0.000000
H   -0.000002   -0.000050    0.000007
H   -0.000000    0.000001   -0.000000
H    0.000000    0.000000    0.000000
H    0.000006   -0.000013   -0.000011
H    0.000000    0.000000    0.000000
H    0.000000    0.000000    0.000000
H    0.000000   -0.000000   -0.000000
H   -0.000014   -0.000002    0.000020
H   -0.000000    0.000000   -0.000000
H   -0.000000    0.000000    0.000000
H   -0.000000    0.000000    0.000000
H    0.000000   -0.000000   -0.000000
H   -0.000000   -0.000000    0.000000
H    0.000000   -0.000000    0.000000
H    0.000000    0.000000   -0.000000
H    0.000000   -0.000000   -0.000000
H   -0.000001    0.000000   -0.000000
H   -0.000000   -0.000000   -0.000000
H    0.000015    0.000013   -0.000013
H   -0.000000   -0.000001   -0.000000
H   -0.000006    0.000013    0.000011
H    0.000004    0.000001   -0.000001
H    0.000000   -0.000000   -0.000000
H   -0.000000   -0.000000   -0.000000
H   -0.000000   -0.000000    0.000000
H   -0.000000    0.000000   -0.000000
H    0.000000   -0.000000    0.000000
H   -0.000002   -0.000000   -0.000000
H    0.000000    0.000000   -0.000000
H   -0.000000    0.000000    0.000000
H    0.000014    0.000002   -0.000020
H    0.000000    0.000000    0.000000
H    0.000000    0.000000    0.000000
H    0.000000    0.000000    0.000000
H   -0.000000    0.000003    0.000001
H    0.000000    0.000000   -0.000000
H    0.000002    0.000001    0.000002
H   -0.000019   -0.000001   -0.000002
H    0.000000    0.000001   -0.000002
H    0.000000   -0.000000   -0.000000
H   -0.000000    0.000000    0.000000
H   -0.000000    0.000000    0.000000
H    0.000000    0.000050   -0.000007
H    0.000000   -0.000000    0.000000
H   -0.000000   -0.000000    0.000000
H    0.000001   -0.000000   -0.000001
H   -0.000000    0.000000    0.000001
H    0.000001   -0.000000    0.000000
H   -0.000001    0.000000    0.000001
H    0.000001    0.000000    0.000000
H   -0.000000    0.000000   -0.000000
H   -0.000000    0.000001    0.000000
H    0.000000   -0.000000    0.000000
H   -0.000000    0.000000   -0.000000
H   -0.000002   -0.000001   -0.000002
H   -0.000000   -0.000000   -0.000000
H   -0.000005    0.000005    0.000001
H    0.000000   -0.000000   -0.000001
H    0.000000   -0.000001    0.000000
H    0.000000    0.000000   -0.000000
H    0.000000   -0.000000   -0.000000
H   -0.000000   -0.000000   -0.000000
H   -0.000000    0.000000    0.000000
H   -0.002732    0.000641   -0.003318
H    0.000000   -0.000000   -0.000000
H   -0.000000    0.000000    0.000000
H    0.000000   -0.000000    0.000000
H    0.000000    0.000001   -0.000000
H   -0.000000   -0.000000    0.000000
H   -0.000000    0.000000    0.000000
H    0.000000    0.000000   -0.000000
H   -0.000000   -0.000000   -0.000000
H   -0.000004   -0.000001    0.000001
