100
TIME:    0.945, STEP:   945
H    0.000000    0.000000    0.000000
H    0.000000   -0.000000    0.000000
H    0.000000    0.000000   -0.000000
H   -0.000000   -0.000000   -0.000000
H   -0.000000    0.000000   -0.000000
H    0.000000   -0.000001    0.000000
H    0.000000    0.000000    0.000000
H    0.000000    0.000000    0.000000
H   -0.000000   -0.000000   -0.000000
H    0.000000    0.000000    0.000000
H   -0.000000   -0.000000   -0.000000
H   -0.000000    0.000000   -0.000000
H   -0.000000   -0.000000   -0.000000
H   -0.000000   -0.000000    0.000000
H    0.000000   -0.000000   -0.000000
H   -0.000007   -0.000036   -0.000010
H   -0.000000    0.000000    0.000000
H    0.000000   -0.000000    0.000000
H    0.000000    0.000000    0.000000
H    0.000135   -0.000015    0.000146
H    0.000000   -0.000000   -0.000000
H   -0.000000    0.000000    0.000000
H    0.000000    0.000000   -0.000000
H   -0.000000   -0.000001   -0.000000
H    0.000000   -0.000000   -0.000000
H    0.000021   -0.000081    0.000025
H    0.000000    0.000000    0.000000
H   -0.000005   -0.000007    0.000003
H   -0.000000   -0.000000   -0.000000
H    0.000000    0.000000   -0.000000
H    0.000000   -0.000000   -0.000001
H    0.000000    0.000000    0.000000
H    0.000000   -0.000000    0.000000
H   -0.000000    0.000000    0.000000
H   -0.000000    0.000000    0.000003
H   -0.000000    0.000000    0.000000
H   -0.000000    0.000000    0.000000
H    0.000000   -0.000000    0.000000
H    0.000000   -0.000000   -0.000000
H    0.000000   -0.000000    0.000001
H    0.000011    0.000001    0.000004
H    0.000000    0.000000   -0.000000
H    0.000000   -0.000000   -0.000000
H   -0.000000    0.000000   -0.000000
H    0.000000    0.000000   -0.000000
H    0.000002    0.000003   -0.000003
H   -0.000002   -0.000021    0.000007
H   -0.000000    0.000000    0.000001
H    0.000028    0.000001   -0.000000
H    0.000000    0.000000   -0.000000
H   -0.000000   -0.000000   -0.000000
H   -0.000000   -0.000000    0.000000
H   -0.000000    0.000000   -0.000000
H    0.000000   -0.000000    0.000000
H   -0.000000    0.000000    0.000000
H    0.000000    0.000000   -0.000000
H   -0.000001   -0.000001   -0.000001
H    0.000001   -0.000000   -0.000003
H   -0.000000   -0.000000   -0.000000
H    0.000000    0.000000    0.000000
H    0.000000   -0.000000   -0.000000
H   -0.000005    0.000010    0.000001
H   -0.000000   -0.000000   -0.000000
H    0.000000    0.000000    0.000001
H   -0.000137    0.000012   -0.000143
H   -0.000014    0.000080   -0.000027
H    0.000000   -0.000000   -0.000000
H   -0.000000    0.000000    0.000000
H   -0.000000    0.000000    0.000000
H   -0.000002    0.000007   -0.000000
H    0.000000   -0.000000    0.000000
H   -0.000000   -0.000000    0.000000
H    0.000004    0.000017   -0.000011
H   -0.000000    0.000000    0.000000
H    0.000000   -0.000000   -0.000000
H   -0.000002    0.000003    0.000004
H   -0.000000   -0.000000    0.000000
H   -0.000011   -0.000001   -0.000004
H    0.000000    0.000000    0.000000
H    0.000000    0.000001    0.000001
H    0.000000    0.000000    0.000000
H   -0.000001   -0.000000   -0.000001
H   -0.000000    0.000000   -0.000001
H   -0.000000    0.000001   -0.000000
H    0.000000   -0.000000   -0.000000
H    0.000000   -0.000000    0.000000
H    0.000000    0.000000    0.000000
H    0.000000   -0.000000    0.000000
H   -0.000000    0.000000   -0.000000
H   -0.000000    0.000000    0.000000
H    0.000012    0.000026    0.000008
H    0.000000   -0.000000   -0.000000
H   -0.000000    0.000000    0.000000
H    0.000000   -0.000000    0.000000
H    0.000001    0.000001   -0.000000
H   -0.000000   -0.000000    0.000000
H   -0.000000    0.000000   -0.000000
H    0.000000    0.000000    0.000000
H   -0.000000   -0.000000   -0.000000
H   -0.000028   -0.000001    0.000000
